# Game Level Exporter v1.0
CAMERA
Camera
<Matrix 4x4 ( 0.6859,  0.0000,  0.7277, 0.0000)
            (-0.3240,  0.8954,  0.3054, 0.0000)
            (-0.6516, -0.4453,  0.6142, 0.0000)
            (58.3589,  4.9583, -6.9258, 1.0000)>
MESH
TriangleWall
<Matrix 4x4 ( 2.0000,  0.0000,  0.0000, 0.0000)
            ( 0.0000,  2.0000, -0.0000, 0.0000)
            ( 0.0000,  0.0000,  2.0000, 0.0000)
            (55.1374, -0.4217, -5.5004, 1.0000)>
MESH
Rock5
<Matrix 4x4 ( 2.0000,  0.0000,   0.0000, 0.0000)
            ( 0.0000,  2.0000,  -0.0000, 0.0000)
            ( 0.0000,  0.0000,   2.0000, 0.0000)
            (55.1374, -0.4217, -11.5004, 1.0000)>
MESH
Rock4
<Matrix 4x4 ( 2.0000,  0.0000,   0.0000, 0.0000)
            ( 0.0000,  0.0000,   2.0000, 0.0000)
            ( 0.0000, -2.0000,   0.0000, 0.0000)
            (59.1374, -0.4217, -11.5004, 1.0000)>
MESH
Rock3
<Matrix 4x4 ( 2.0000,  0.0000,   0.0000, 0.0000)
            ( 0.0000,  2.0000,  -0.0000, 0.0000)
            ( 0.0000,  0.0000,   2.0000, 0.0000)
            (63.1374, -0.4217, -11.5004, 1.0000)>
MESH
Rock2
<Matrix 4x4 ( 2.0000,  0.0000,   0.0000, 0.0000)
            ( 0.0000,  2.0000,  -0.0000, 0.0000)
            ( 0.0000,  0.0000,   2.0000, 0.0000)
            (67.1374, -0.4217, -11.5004, 1.0000)>
MESH
Rock1
<Matrix 4x4 ( 2.0000,  0.0000,   0.0000, 0.0000)
            ( 0.0000,  2.0000,  -0.0000, 0.0000)
            ( 0.0000,  0.0000,   2.0000, 0.0000)
            (71.1374, -0.4217, -11.5004, 1.0000)>
MESH
ModularFloor
<Matrix 4x4 ( 2.0000,  0.0000,  0.0000, 0.0000)
            ( 0.0000,  2.0000, -0.0000, 0.0000)
            ( 0.0000,  0.0000,  2.0000, 0.0000)
            (53.1374, -0.4217,  0.4996, 1.0000)>
MESH
ColumnBroken2
<Matrix 4x4 ( 2.0000,  0.0000,  0.0000, 0.0000)
            ( 0.0000,  2.0000, -0.0000, 0.0000)
            ( 0.0000,  0.0000,  2.0000, 0.0000)
            (53.1374, -0.4217,  6.4996, 1.0000)>
MESH
ColumnBroken
<Matrix 4x4 ( 2.0000,  0.0000,  0.0000, 0.0000)
            ( 0.0000,  2.0000, -0.0000, 0.0000)
            ( 0.0000,  0.0000,  2.0000, 0.0000)
            (53.1374, -0.4217, 12.4996, 1.0000)>
MESH
Column
<Matrix 4x4 ( 2.0000,  0.0000,  0.0000, 0.0000)
            ( 0.0000,  2.0000, -0.0000, 0.0000)
            ( 0.0000,  0.0000,  2.0000, 0.0000)
            (53.1374, -0.4217, 18.4996, 1.0000)>
MESH
Carpet
<Matrix 4x4 ( 2.0000,  0.0000,  0.0000, 0.0000)
            ( 0.0000,  2.0000, -0.0000, 0.0000)
            ( 0.0000,  0.0000,  2.0000, 0.0000)
            (53.1374, -0.4217, 28.4996, 1.0000)>
MESH
BonePile
<Matrix 4x4 ( 2.0000,  0.0000,  0.0000, 0.0000)
            ( 0.0000,  2.0000, -0.0000, 0.0000)
            ( 0.0000,  0.0000,  2.0000, 0.0000)
            (53.1374, -0.4217, 36.4996, 1.0000)>
MESH
Barrel
<Matrix 4x4 ( 2.0000,  0.0000,  0.0000, 0.0000)
            ( 0.0000,  2.0000, -0.0000, 0.0000)
            ( 0.0000,  0.0000,  2.0000, 0.0000)
            (53.1374, -0.4217, 40.4996, 1.0000)>
MESH
Torch
<Matrix 4x4 ( 1.0000, 0.0000,   0.0000, 0.0000)
            ( 0.0000, 1.0000,  -0.0000, 0.0000)
            ( 0.0000, 0.0000,   1.0000, 0.0000)
            (55.0000, 0.0000, -14.0000, 1.0000)>
MESH
ModularFloor.001
<Matrix 4x4 (2.0000, 0.0000,  0.0000, 0.0000)
            (0.0000, 2.0000, -0.0000, 0.0000)
            (0.0000, 0.0000,  2.0000, 0.0000)
            (0.0000, 0.0000,  0.0000, 1.0000)>
MESH
ModularFloor.002
<Matrix 4x4 (2.0000, 0.0000,  0.0000, 0.0000)
            (0.0000, 2.0000, -0.0000, 0.0000)
            (0.0000, 0.0000,  2.0000, 0.0000)
            (0.0000, 0.0000, -4.0000, 1.0000)>
MESH
ModularFloor.003
<Matrix 4x4 (2.0000, 0.0000,  0.0000, 0.0000)
            (0.0000, 2.0000, -0.0000, 0.0000)
            (0.0000, 0.0000,  2.0000, 0.0000)
            (0.0000, 0.0000,  4.0000, 1.0000)>
MESH
ModularFloor.004
<Matrix 4x4 (2.0000, 0.0000,  0.0000, 0.0000)
            (0.0000, 2.0000, -0.0000, 0.0000)
            (0.0000, 0.0000,  2.0000, 0.0000)
            (0.0000, 0.0000,  8.0000, 1.0000)>
MESH
ModularFloor.005
<Matrix 4x4 (2.0000, 0.0000,  0.0000, 0.0000)
            (0.0000, 2.0000, -0.0000, 0.0000)
            (0.0000, 0.0000,  2.0000, 0.0000)
            (0.0000, 0.0000, -8.0000, 1.0000)>
MESH
ModularFloor.006
<Matrix 4x4 (2.0000, 0.0000,  0.0000, 0.0000)
            (0.0000, 2.0000, -0.0000, 0.0000)
            (0.0000, 0.0000,  2.0000, 0.0000)
            (4.0000, 0.0000,  0.0000, 1.0000)>
MESH
ModularFloor.007
<Matrix 4x4 (2.0000, 0.0000,  0.0000, 0.0000)
            (0.0000, 2.0000, -0.0000, 0.0000)
            (0.0000, 0.0000,  2.0000, 0.0000)
            (4.0000, 0.0000, -4.0000, 1.0000)>
MESH
ModularFloor.008
<Matrix 4x4 (2.0000, 0.0000,  0.0000, 0.0000)
            (0.0000, 2.0000, -0.0000, 0.0000)
            (0.0000, 0.0000,  2.0000, 0.0000)
            (4.0000, 0.0000,  4.0000, 1.0000)>
MESH
ModularFloor.009
<Matrix 4x4 (2.0000, 0.0000,  0.0000, 0.0000)
            (0.0000, 2.0000, -0.0000, 0.0000)
            (0.0000, 0.0000,  2.0000, 0.0000)
            (4.0000, 0.0000,  8.0000, 1.0000)>
MESH
ModularFloor.010
<Matrix 4x4 (2.0000, 0.0000,  0.0000, 0.0000)
            (0.0000, 2.0000, -0.0000, 0.0000)
            (0.0000, 0.0000,  2.0000, 0.0000)
            (4.0000, 0.0000, -8.0000, 1.0000)>
MESH
ModularFloor.011
<Matrix 4x4 (2.0000, 0.0000,  0.0000, 0.0000)
            (0.0000, 2.0000, -0.0000, 0.0000)
            (0.0000, 0.0000,  2.0000, 0.0000)
            (8.0000, 0.0000,  0.0000, 1.0000)>
MESH
ModularFloor.012
<Matrix 4x4 (2.0000, 0.0000,  0.0000, 0.0000)
            (0.0000, 2.0000, -0.0000, 0.0000)
            (0.0000, 0.0000,  2.0000, 0.0000)
            (8.0000, 0.0000, -4.0000, 1.0000)>
MESH
ModularFloor.013
<Matrix 4x4 (2.0000, 0.0000,  0.0000, 0.0000)
            (0.0000, 2.0000, -0.0000, 0.0000)
            (0.0000, 0.0000,  2.0000, 0.0000)
            (8.0000, 0.0000,  4.0000, 1.0000)>
MESH
ModularFloor.014
<Matrix 4x4 (2.0000, 0.0000,  0.0000, 0.0000)
            (0.0000, 2.0000, -0.0000, 0.0000)
            (0.0000, 0.0000,  2.0000, 0.0000)
            (8.0000, 0.0000,  8.0000, 1.0000)>
MESH
ModularFloor.015
<Matrix 4x4 (2.0000, 0.0000,  0.0000, 0.0000)
            (0.0000, 2.0000, -0.0000, 0.0000)
            (0.0000, 0.0000,  2.0000, 0.0000)
            (8.0000, 0.0000, -8.0000, 1.0000)>
MESH
ModularFloor.016
<Matrix 4x4 ( 2.0000, 0.0000,  0.0000, 0.0000)
            ( 0.0000, 2.0000, -0.0000, 0.0000)
            ( 0.0000, 0.0000,  2.0000, 0.0000)
            (12.0000, 0.0000,  0.0000, 1.0000)>
MESH
ModularFloor.017
<Matrix 4x4 ( 2.0000, 0.0000,  0.0000, 0.0000)
            ( 0.0000, 2.0000, -0.0000, 0.0000)
            ( 0.0000, 0.0000,  2.0000, 0.0000)
            (12.0000, 0.0000, -4.0000, 1.0000)>
MESH
ModularFloor.018
<Matrix 4x4 ( 2.0000, 0.0000,  0.0000, 0.0000)
            ( 0.0000, 2.0000, -0.0000, 0.0000)
            ( 0.0000, 0.0000,  2.0000, 0.0000)
            (12.0000, 0.0000,  4.0000, 1.0000)>
MESH
ModularFloor.019
<Matrix 4x4 ( 2.0000, 0.0000,  0.0000, 0.0000)
            ( 0.0000, 2.0000, -0.0000, 0.0000)
            ( 0.0000, 0.0000,  2.0000, 0.0000)
            (12.0000, 0.0000,  8.0000, 1.0000)>
MESH
ModularFloor.020
<Matrix 4x4 ( 2.0000, 0.0000,  0.0000, 0.0000)
            ( 0.0000, 2.0000, -0.0000, 0.0000)
            ( 0.0000, 0.0000,  2.0000, 0.0000)
            (12.0000, 0.0000, -8.0000, 1.0000)>
MESH
ModularFloor.021
<Matrix 4x4 ( 2.0000, 0.0000,  0.0000, 0.0000)
            ( 0.0000, 2.0000, -0.0000, 0.0000)
            ( 0.0000, 0.0000,  2.0000, 0.0000)
            (16.0000, 0.0000,  0.0000, 1.0000)>
MESH
ModularFloor.022
<Matrix 4x4 ( 2.0000, 0.0000,  0.0000, 0.0000)
            ( 0.0000, 2.0000, -0.0000, 0.0000)
            ( 0.0000, 0.0000,  2.0000, 0.0000)
            (16.0000, 0.0000, -4.0000, 1.0000)>
MESH
ModularFloor.023
<Matrix 4x4 ( 2.0000, 0.0000,  0.0000, 0.0000)
            ( 0.0000, 2.0000, -0.0000, 0.0000)
            ( 0.0000, 0.0000,  2.0000, 0.0000)
            (16.0000, 0.0000,  4.0000, 1.0000)>
MESH
ModularFloor.024
<Matrix 4x4 ( 2.0000, 0.0000,  0.0000, 0.0000)
            ( 0.0000, 2.0000, -0.0000, 0.0000)
            ( 0.0000, 0.0000,  2.0000, 0.0000)
            (16.0000, 0.0000,  8.0000, 1.0000)>
MESH
ModularFloor.025
<Matrix 4x4 ( 2.0000, 0.0000,  0.0000, 0.0000)
            ( 0.0000, 2.0000, -0.0000, 0.0000)
            ( 0.0000, 0.0000,  2.0000, 0.0000)
            (16.0000, 0.0000, -8.0000, 1.0000)>
MESH
ModularFloor.026
<Matrix 4x4 ( 2.0000, 0.0000,  0.0000, 0.0000)
            ( 0.0000, 2.0000, -0.0000, 0.0000)
            ( 0.0000, 0.0000,  2.0000, 0.0000)
            (20.0000, 0.0000,  0.0000, 1.0000)>
MESH
ModularFloor.027
<Matrix 4x4 ( 2.0000, 0.0000,  0.0000, 0.0000)
            ( 0.0000, 2.0000, -0.0000, 0.0000)
            ( 0.0000, 0.0000,  2.0000, 0.0000)
            (20.0000, 0.0000, -4.0000, 1.0000)>
MESH
ModularFloor.028
<Matrix 4x4 ( 2.0000, 0.0000,  0.0000, 0.0000)
            ( 0.0000, 2.0000, -0.0000, 0.0000)
            ( 0.0000, 0.0000,  2.0000, 0.0000)
            (20.0000, 0.0000,  4.0000, 1.0000)>
MESH
ModularFloor.029
<Matrix 4x4 ( 2.0000, 0.0000,  0.0000, 0.0000)
            ( 0.0000, 2.0000, -0.0000, 0.0000)
            ( 0.0000, 0.0000,  2.0000, 0.0000)
            (20.0000, 0.0000,  8.0000, 1.0000)>
MESH
ModularFloor.030
<Matrix 4x4 ( 2.0000, 0.0000,  0.0000, 0.0000)
            ( 0.0000, 2.0000, -0.0000, 0.0000)
            ( 0.0000, 0.0000,  2.0000, 0.0000)
            (20.0000, 0.0000, -8.0000, 1.0000)>
MESH
ModularFloor.031
<Matrix 4x4 ( 2.0000, 0.0000,  0.0000, 0.0000)
            ( 0.0000, 2.0000, -0.0000, 0.0000)
            ( 0.0000, 0.0000,  2.0000, 0.0000)
            (24.0000, 0.0000,  0.0000, 1.0000)>
MESH
ModularFloor.032
<Matrix 4x4 ( 2.0000, 0.0000,  0.0000, 0.0000)
            ( 0.0000, 2.0000, -0.0000, 0.0000)
            ( 0.0000, 0.0000,  2.0000, 0.0000)
            (24.0000, 0.0000, -4.0000, 1.0000)>
MESH
ModularFloor.033
<Matrix 4x4 ( 2.0000, 0.0000,  0.0000, 0.0000)
            ( 0.0000, 2.0000, -0.0000, 0.0000)
            ( 0.0000, 0.0000,  2.0000, 0.0000)
            (24.0000, 0.0000,  4.0000, 1.0000)>
MESH
ModularFloor.034
<Matrix 4x4 ( 2.0000, 0.0000,  0.0000, 0.0000)
            ( 0.0000, 2.0000, -0.0000, 0.0000)
            ( 0.0000, 0.0000,  2.0000, 0.0000)
            (24.0000, 0.0000,  8.0000, 1.0000)>
MESH
ModularFloor.035
<Matrix 4x4 ( 2.0000, 0.0000,  0.0000, 0.0000)
            ( 0.0000, 2.0000, -0.0000, 0.0000)
            ( 0.0000, 0.0000,  2.0000, 0.0000)
            (24.0000, 0.0000, -8.0000, 1.0000)>
MESH
ModularFloor.036
<Matrix 4x4 ( 2.0000, 0.0000,  0.0000, 0.0000)
            ( 0.0000, 2.0000, -0.0000, 0.0000)
            ( 0.0000, 0.0000,  2.0000, 0.0000)
            (28.0000, 0.0000,  0.0000, 1.0000)>
MESH
ModularFloor.037
<Matrix 4x4 ( 2.0000, 0.0000,  0.0000, 0.0000)
            ( 0.0000, 2.0000, -0.0000, 0.0000)
            ( 0.0000, 0.0000,  2.0000, 0.0000)
            (28.0000, 0.0000, -4.0000, 1.0000)>
MESH
ModularFloor.038
<Matrix 4x4 ( 2.0000, 0.0000,  0.0000, 0.0000)
            ( 0.0000, 2.0000, -0.0000, 0.0000)
            ( 0.0000, 0.0000,  2.0000, 0.0000)
            (28.0000, 0.0000,  4.0000, 1.0000)>
MESH
ModularFloor.039
<Matrix 4x4 ( 2.0000, 0.0000,  0.0000, 0.0000)
            ( 0.0000, 2.0000, -0.0000, 0.0000)
            ( 0.0000, 0.0000,  2.0000, 0.0000)
            (28.0000, 0.0000,  8.0000, 1.0000)>
MESH
ModularFloor.040
<Matrix 4x4 ( 2.0000, 0.0000,  0.0000, 0.0000)
            ( 0.0000, 2.0000, -0.0000, 0.0000)
            ( 0.0000, 0.0000,  2.0000, 0.0000)
            (28.0000, 0.0000, -8.0000, 1.0000)>
MESH
ModularFloor.041
<Matrix 4x4 (  2.0000, 0.0000,  0.0000, 0.0000)
            (  0.0000, 2.0000, -0.0000, 0.0000)
            (  0.0000, 0.0000,  2.0000, 0.0000)
            (-28.0000, 0.0000,  0.0000, 1.0000)>
MESH
ModularFloor.042
<Matrix 4x4 (  2.0000, 0.0000,  0.0000, 0.0000)
            (  0.0000, 2.0000, -0.0000, 0.0000)
            (  0.0000, 0.0000,  2.0000, 0.0000)
            (-28.0000, 0.0000, -4.0000, 1.0000)>
MESH
ModularFloor.043
<Matrix 4x4 (  2.0000, 0.0000,  0.0000, 0.0000)
            (  0.0000, 2.0000, -0.0000, 0.0000)
            (  0.0000, 0.0000,  2.0000, 0.0000)
            (-28.0000, 0.0000,  4.0000, 1.0000)>
MESH
ModularFloor.044
<Matrix 4x4 (  2.0000, 0.0000,  0.0000, 0.0000)
            (  0.0000, 2.0000, -0.0000, 0.0000)
            (  0.0000, 0.0000,  2.0000, 0.0000)
            (-28.0000, 0.0000,  8.0000, 1.0000)>
MESH
ModularFloor.045
<Matrix 4x4 (  2.0000, 0.0000,  0.0000, 0.0000)
            (  0.0000, 2.0000, -0.0000, 0.0000)
            (  0.0000, 0.0000,  2.0000, 0.0000)
            (-28.0000, 0.0000, -8.0000, 1.0000)>
MESH
ModularFloor.046
<Matrix 4x4 (  2.0000, 0.0000,  0.0000, 0.0000)
            (  0.0000, 2.0000, -0.0000, 0.0000)
            (  0.0000, 0.0000,  2.0000, 0.0000)
            (-24.0000, 0.0000,  0.0000, 1.0000)>
MESH
ModularFloor.047
<Matrix 4x4 (  2.0000, 0.0000,  0.0000, 0.0000)
            (  0.0000, 2.0000, -0.0000, 0.0000)
            (  0.0000, 0.0000,  2.0000, 0.0000)
            (-24.0000, 0.0000, -4.0000, 1.0000)>
MESH
ModularFloor.048
<Matrix 4x4 (  2.0000, 0.0000,  0.0000, 0.0000)
            (  0.0000, 2.0000, -0.0000, 0.0000)
            (  0.0000, 0.0000,  2.0000, 0.0000)
            (-24.0000, 0.0000,  4.0000, 1.0000)>
MESH
ModularFloor.049
<Matrix 4x4 (  2.0000, 0.0000,  0.0000, 0.0000)
            (  0.0000, 2.0000, -0.0000, 0.0000)
            (  0.0000, 0.0000,  2.0000, 0.0000)
            (-24.0000, 0.0000,  8.0000, 1.0000)>
MESH
ModularFloor.050
<Matrix 4x4 (  2.0000, 0.0000,  0.0000, 0.0000)
            (  0.0000, 2.0000, -0.0000, 0.0000)
            (  0.0000, 0.0000,  2.0000, 0.0000)
            (-24.0000, 0.0000, -8.0000, 1.0000)>
MESH
ModularFloor.051
<Matrix 4x4 (  2.0000, 0.0000,  0.0000, 0.0000)
            (  0.0000, 2.0000, -0.0000, 0.0000)
            (  0.0000, 0.0000,  2.0000, 0.0000)
            (-20.0000, 0.0000,  0.0000, 1.0000)>
MESH
ModularFloor.052
<Matrix 4x4 (  2.0000, 0.0000,  0.0000, 0.0000)
            (  0.0000, 2.0000, -0.0000, 0.0000)
            (  0.0000, 0.0000,  2.0000, 0.0000)
            (-20.0000, 0.0000, -4.0000, 1.0000)>
MESH
ModularFloor.053
<Matrix 4x4 (  2.0000, 0.0000,  0.0000, 0.0000)
            (  0.0000, 2.0000, -0.0000, 0.0000)
            (  0.0000, 0.0000,  2.0000, 0.0000)
            (-20.0000, 0.0000,  4.0000, 1.0000)>
MESH
ModularFloor.054
<Matrix 4x4 (  2.0000, 0.0000,  0.0000, 0.0000)
            (  0.0000, 2.0000, -0.0000, 0.0000)
            (  0.0000, 0.0000,  2.0000, 0.0000)
            (-20.0000, 0.0000,  8.0000, 1.0000)>
MESH
ModularFloor.055
<Matrix 4x4 (  2.0000, 0.0000,  0.0000, 0.0000)
            (  0.0000, 2.0000, -0.0000, 0.0000)
            (  0.0000, 0.0000,  2.0000, 0.0000)
            (-20.0000, 0.0000, -8.0000, 1.0000)>
MESH
ModularFloor.056
<Matrix 4x4 (  2.0000, 0.0000,  0.0000, 0.0000)
            (  0.0000, 2.0000, -0.0000, 0.0000)
            (  0.0000, 0.0000,  2.0000, 0.0000)
            (-16.0000, 0.0000,  0.0000, 1.0000)>
MESH
ModularFloor.057
<Matrix 4x4 (  2.0000, 0.0000,  0.0000, 0.0000)
            (  0.0000, 2.0000, -0.0000, 0.0000)
            (  0.0000, 0.0000,  2.0000, 0.0000)
            (-16.0000, 0.0000, -4.0000, 1.0000)>
MESH
ModularFloor.058
<Matrix 4x4 (  2.0000, 0.0000,  0.0000, 0.0000)
            (  0.0000, 2.0000, -0.0000, 0.0000)
            (  0.0000, 0.0000,  2.0000, 0.0000)
            (-16.0000, 0.0000,  4.0000, 1.0000)>
MESH
ModularFloor.059
<Matrix 4x4 (  2.0000, 0.0000,  0.0000, 0.0000)
            (  0.0000, 2.0000, -0.0000, 0.0000)
            (  0.0000, 0.0000,  2.0000, 0.0000)
            (-16.0000, 0.0000,  8.0000, 1.0000)>
MESH
ModularFloor.060
<Matrix 4x4 (  2.0000, 0.0000,  0.0000, 0.0000)
            (  0.0000, 2.0000, -0.0000, 0.0000)
            (  0.0000, 0.0000,  2.0000, 0.0000)
            (-16.0000, 0.0000, -8.0000, 1.0000)>
MESH
ModularFloor.061
<Matrix 4x4 (  2.0000, 0.0000,  0.0000, 0.0000)
            (  0.0000, 2.0000, -0.0000, 0.0000)
            (  0.0000, 0.0000,  2.0000, 0.0000)
            (-12.0000, 0.0000,  0.0000, 1.0000)>
MESH
ModularFloor.062
<Matrix 4x4 (  2.0000, 0.0000,  0.0000, 0.0000)
            (  0.0000, 2.0000, -0.0000, 0.0000)
            (  0.0000, 0.0000,  2.0000, 0.0000)
            (-12.0000, 0.0000, -4.0000, 1.0000)>
MESH
ModularFloor.063
<Matrix 4x4 (  2.0000, 0.0000,  0.0000, 0.0000)
            (  0.0000, 2.0000, -0.0000, 0.0000)
            (  0.0000, 0.0000,  2.0000, 0.0000)
            (-12.0000, 0.0000,  4.0000, 1.0000)>
MESH
ModularFloor.064
<Matrix 4x4 (  2.0000, 0.0000,  0.0000, 0.0000)
            (  0.0000, 2.0000, -0.0000, 0.0000)
            (  0.0000, 0.0000,  2.0000, 0.0000)
            (-12.0000, 0.0000,  8.0000, 1.0000)>
MESH
ModularFloor.065
<Matrix 4x4 (  2.0000, 0.0000,  0.0000, 0.0000)
            (  0.0000, 2.0000, -0.0000, 0.0000)
            (  0.0000, 0.0000,  2.0000, 0.0000)
            (-12.0000, 0.0000, -8.0000, 1.0000)>
MESH
ModularFloor.066
<Matrix 4x4 ( 2.0000, 0.0000,  0.0000, 0.0000)
            ( 0.0000, 2.0000, -0.0000, 0.0000)
            ( 0.0000, 0.0000,  2.0000, 0.0000)
            (-8.0000, 0.0000,  0.0000, 1.0000)>
MESH
ModularFloor.067
<Matrix 4x4 ( 2.0000, 0.0000,  0.0000, 0.0000)
            ( 0.0000, 2.0000, -0.0000, 0.0000)
            ( 0.0000, 0.0000,  2.0000, 0.0000)
            (-8.0000, 0.0000, -4.0000, 1.0000)>
MESH
ModularFloor.068
<Matrix 4x4 ( 2.0000, 0.0000,  0.0000, 0.0000)
            ( 0.0000, 2.0000, -0.0000, 0.0000)
            ( 0.0000, 0.0000,  2.0000, 0.0000)
            (-8.0000, 0.0000,  4.0000, 1.0000)>
MESH
ModularFloor.069
<Matrix 4x4 ( 2.0000, 0.0000,  0.0000, 0.0000)
            ( 0.0000, 2.0000, -0.0000, 0.0000)
            ( 0.0000, 0.0000,  2.0000, 0.0000)
            (-8.0000, 0.0000,  8.0000, 1.0000)>
MESH
ModularFloor.070
<Matrix 4x4 ( 2.0000, 0.0000,  0.0000, 0.0000)
            ( 0.0000, 2.0000, -0.0000, 0.0000)
            ( 0.0000, 0.0000,  2.0000, 0.0000)
            (-8.0000, 0.0000, -8.0000, 1.0000)>
MESH
ModularFloor.071
<Matrix 4x4 ( 2.0000, 0.0000,  0.0000, 0.0000)
            ( 0.0000, 2.0000, -0.0000, 0.0000)
            ( 0.0000, 0.0000,  2.0000, 0.0000)
            (-4.0000, 0.0000,  0.0000, 1.0000)>
MESH
ModularFloor.072
<Matrix 4x4 ( 2.0000, 0.0000,  0.0000, 0.0000)
            ( 0.0000, 2.0000, -0.0000, 0.0000)
            ( 0.0000, 0.0000,  2.0000, 0.0000)
            (-4.0000, 0.0000, -4.0000, 1.0000)>
MESH
ModularFloor.073
<Matrix 4x4 ( 2.0000, 0.0000,  0.0000, 0.0000)
            ( 0.0000, 2.0000, -0.0000, 0.0000)
            ( 0.0000, 0.0000,  2.0000, 0.0000)
            (-4.0000, 0.0000,  4.0000, 1.0000)>
MESH
ModularFloor.074
<Matrix 4x4 ( 2.0000, 0.0000,  0.0000, 0.0000)
            ( 0.0000, 2.0000, -0.0000, 0.0000)
            ( 0.0000, 0.0000,  2.0000, 0.0000)
            (-4.0000, 0.0000,  8.0000, 1.0000)>
MESH
ModularFloor.075
<Matrix 4x4 ( 2.0000, 0.0000,  0.0000, 0.0000)
            ( 0.0000, 2.0000, -0.0000, 0.0000)
            ( 0.0000, 0.0000,  2.0000, 0.0000)
            (-4.0000, 0.0000, -8.0000, 1.0000)>
MESH
TriangleWall.001
<Matrix 4x4 ( 0.0000, 0.0000,   2.0000, 0.0000)
            ( 0.0000, 2.0000,  -0.0000, 0.0000)
            (-2.0000, 0.0000,   0.0000, 0.0000)
            (27.0000, 4.8500, -10.0000, 1.0000)>
MESH
TriangleWall.002
<Matrix 4x4 ( 0.0000, 0.0000,   2.0000, 0.0000)
            ( 0.0000, 2.0000,  -0.0000, 0.0000)
            (-2.0000, 0.0000,   0.0000, 0.0000)
            (21.8000, 4.8500, -10.0000, 1.0000)>
MESH
TriangleWall.003
<Matrix 4x4 ( 0.0000, 0.0000,   2.0000, 0.0000)
            ( 0.0000, 2.0000,  -0.0000, 0.0000)
            (-2.0000, 0.0000,   0.0000, 0.0000)
            (16.6000, 4.8500, -10.0000, 1.0000)>
MESH
TriangleWall.004
<Matrix 4x4 ( 0.0000, 0.0000,   2.0000, 0.0000)
            ( 0.0000, 2.0000,  -0.0000, 0.0000)
            (-2.0000, 0.0000,   0.0000, 0.0000)
            (11.4000, 4.8500, -10.0000, 1.0000)>
MESH
TriangleWall.005
<Matrix 4x4 ( 0.0000, 0.0000,   2.0000, 0.0000)
            ( 0.0000, 2.0000,  -0.0000, 0.0000)
            (-2.0000, 0.0000,   0.0000, 0.0000)
            ( 6.2000, 4.8500, -10.0000, 1.0000)>
MESH
TriangleWall.006
<Matrix 4x4 ( 0.0000, 0.0000,   2.0000, 0.0000)
            ( 0.0000, 2.0000,  -0.0000, 0.0000)
            (-2.0000, 0.0000,   0.0000, 0.0000)
            ( 1.0000, 4.8500, -10.0000, 1.0000)>
MESH
TriangleWall.007
<Matrix 4x4 ( 0.0000, 0.0000,   2.0000, 0.0000)
            ( 0.0000, 2.0000,  -0.0000, 0.0000)
            (-2.0000, 0.0000,   0.0000, 0.0000)
            (-4.2000, 4.8500, -10.0000, 1.0000)>
MESH
TriangleWall.008
<Matrix 4x4 ( 0.0000, 0.0000,   2.0000, 0.0000)
            ( 0.0000, 2.0000,  -0.0000, 0.0000)
            (-2.0000, 0.0000,   0.0000, 0.0000)
            (-9.4000, 4.8500, -10.0000, 1.0000)>
MESH
TriangleWall.009
<Matrix 4x4 (  0.0000, 0.0000,   2.0000, 0.0000)
            (  0.0000, 2.0000,  -0.0000, 0.0000)
            ( -2.0000, 0.0000,   0.0000, 0.0000)
            (-14.6000, 4.8500, -10.0000, 1.0000)>
MESH
TriangleWall.010
<Matrix 4x4 (  0.0000, 0.0000,   2.0000, 0.0000)
            (  0.0000, 2.0000,  -0.0000, 0.0000)
            ( -2.0000, 0.0000,   0.0000, 0.0000)
            (-19.8000, 4.8500, -10.0000, 1.0000)>
MESH
TriangleWall.011
<Matrix 4x4 (  0.0000, 0.0000,   2.0000, 0.0000)
            (  0.0000, 2.0000,  -0.0000, 0.0000)
            ( -2.0000, 0.0000,   0.0000, 0.0000)
            (-25.0000, 4.8500, -10.0000, 1.0000)>
MESH
TriangleWall.012
<Matrix 4x4 (  2.0000, 0.0000,  0.0000, 0.0000)
            (  0.0000, 2.0000, -0.0000, 0.0000)
            (  0.0000, 0.0000,  2.0000, 0.0000)
            (-28.2000, 4.8500, -8.0000, 1.0000)>
MESH
TriangleWall.013
<Matrix 4x4 (  2.0000, 0.0000,  0.0000, 0.0000)
            (  0.0000, 2.0000, -0.0000, 0.0000)
            (  0.0000, 0.0000,  2.0000, 0.0000)
            (-28.2000, 4.8500, -2.8000, 1.0000)>
MESH
TriangleWall.014
<Matrix 4x4 (  2.0000, 0.0000,  0.0000, 0.0000)
            (  0.0000, 2.0000, -0.0000, 0.0000)
            (  0.0000, 0.0000,  2.0000, 0.0000)
            (-28.2000, 4.8500,  2.4000, 1.0000)>
MESH
TriangleWall.015
<Matrix 4x4 (  2.0000, 0.0000,  0.0000, 0.0000)
            (  0.0000, 2.0000, -0.0000, 0.0000)
            (  0.0000, 0.0000,  2.0000, 0.0000)
            (-28.2000, 4.8500,  7.6000, 1.0000)>
MESH
TriangleWall.016
<Matrix 4x4 (  0.0000, 0.0000, -2.0000, 0.0000)
            ( -0.0000, 2.0000, -0.0000, 0.0000)
            (  2.0000, 0.0000,  0.0000, 0.0000)
            (-25.0000, 4.8500,  9.2000, 1.0000)>
MESH
TriangleWall.017
<Matrix 4x4 (  0.0000, 0.0000, -2.0000, 0.0000)
            ( -0.0000, 2.0000, -0.0000, 0.0000)
            (  2.0000, 0.0000,  0.0000, 0.0000)
            (-19.8000, 4.8500,  9.2000, 1.0000)>
MESH
TriangleWall.018
<Matrix 4x4 (  0.0000, 0.0000, -2.0000, 0.0000)
            ( -0.0000, 2.0000, -0.0000, 0.0000)
            (  2.0000, 0.0000,  0.0000, 0.0000)
            (-14.6000, 4.8500,  9.2000, 1.0000)>
MESH
TriangleWall.019
<Matrix 4x4 ( 0.0000, 0.0000, -2.0000, 0.0000)
            (-0.0000, 2.0000, -0.0000, 0.0000)
            ( 2.0000, 0.0000,  0.0000, 0.0000)
            (-9.4000, 4.8500,  9.2000, 1.0000)>
MESH
TriangleWall.020
<Matrix 4x4 ( 0.0000, 0.0000, -2.0000, 0.0000)
            (-0.0000, 2.0000, -0.0000, 0.0000)
            ( 2.0000, 0.0000,  0.0000, 0.0000)
            (-4.2000, 4.8500,  9.2000, 1.0000)>
MESH
TriangleWall.021
<Matrix 4x4 ( 0.0000, 0.0000, -2.0000, 0.0000)
            (-0.0000, 2.0000, -0.0000, 0.0000)
            ( 2.0000, 0.0000,  0.0000, 0.0000)
            ( 1.0000, 4.8500,  9.2000, 1.0000)>
MESH
TriangleWall.022
<Matrix 4x4 ( 0.0000, 0.0000, -2.0000, 0.0000)
            (-0.0000, 2.0000, -0.0000, 0.0000)
            ( 2.0000, 0.0000,  0.0000, 0.0000)
            ( 6.2000, 4.8500,  9.2000, 1.0000)>
MESH
TriangleWall.023
<Matrix 4x4 ( 0.0000, 0.0000, -2.0000, 0.0000)
            (-0.0000, 2.0000, -0.0000, 0.0000)
            ( 2.0000, 0.0000,  0.0000, 0.0000)
            (11.4000, 4.8500,  9.2000, 1.0000)>
MESH
TriangleWall.024
<Matrix 4x4 ( 0.0000, 0.0000, -2.0000, 0.0000)
            (-0.0000, 2.0000, -0.0000, 0.0000)
            ( 2.0000, 0.0000,  0.0000, 0.0000)
            (16.6000, 4.8500,  9.2000, 1.0000)>
MESH
TriangleWall.025
<Matrix 4x4 ( 0.0000, 0.0000, -2.0000, 0.0000)
            (-0.0000, 2.0000, -0.0000, 0.0000)
            ( 2.0000, 0.0000,  0.0000, 0.0000)
            (21.8000, 4.8500,  9.2000, 1.0000)>
MESH
TriangleWall.026
<Matrix 4x4 ( 0.0000, 0.0000, -2.0000, 0.0000)
            (-0.0000, 2.0000, -0.0000, 0.0000)
            ( 2.0000, 0.0000,  0.0000, 0.0000)
            (27.0000, 4.8500,  9.2000, 1.0000)>
MESH
TriangleWall.027
<Matrix 4x4 (-2.0000, 0.0000, -0.0000, 0.0000)
            (-0.0000, 2.0000,  0.0000, 0.0000)
            ( 0.0000, 0.0000, -2.0000, 0.0000)
            (29.8000, 4.8500,  7.2000, 1.0000)>
MESH
TriangleWall.028
<Matrix 4x4 (-2.0000, 0.0000, -0.0000, 0.0000)
            (-0.0000, 2.0000,  0.0000, 0.0000)
            ( 0.0000, 0.0000, -2.0000, 0.0000)
            (29.8000, 4.8500,  2.4000, 1.0000)>
MESH
TriangleWall.029
<Matrix 4x4 (-2.0000, 0.0000, -0.0000, 0.0000)
            (-0.0000, 2.0000,  0.0000, 0.0000)
            ( 0.0000, 0.0000, -2.0000, 0.0000)
            (29.8000, 4.8500, -2.8000, 1.0000)>
MESH
TriangleWall.030
<Matrix 4x4 (-2.0000, 0.0000, -0.0000, 0.0000)
            (-0.0000, 2.0000,  0.0000, 0.0000)
            ( 0.0000, 0.0000, -2.0000, 0.0000)
            (29.8000, 4.8500, -8.0000, 1.0000)>
MESH
Column.001
<Matrix 4x4 (1.2500, 0.0000,  0.0000, 0.0000)
            (0.0000, 1.6900, -0.0000, 0.0000)
            (0.0000, 0.0000,  1.2500, 0.0000)
            (0.0000, 0.7000,  4.0000, 1.0000)>
MESH
Column.002
<Matrix 4x4 (1.2500, 0.0000,  0.0000, 0.0000)
            (0.0000, 1.6900, -0.0000, 0.0000)
            (0.0000, 0.0000,  1.2500, 0.0000)
            (0.0000, 0.7000, -4.0000, 1.0000)>
MESH
Column.003
<Matrix 4x4 (  0.6106, 1.0890, -0.0607, 0.0000)
            ( -1.1120, 0.5598, -1.1429, 0.0000)
            ( -0.7164, 0.4528,  0.9188, 0.0000)
            (-16.0000, 1.8428,  4.0000, 1.0000)>
MESH
Column.005
<Matrix 4x4 ( 1.2500, 0.0000,  0.0000, 0.0000)
            ( 0.0000, 1.6900, -0.0000, 0.0000)
            ( 0.0000, 0.0000,  1.2500, 0.0000)
            (16.0000, 0.7000,  4.0000, 1.0000)>
MESH
Column.006
<Matrix 4x4 ( 1.2500, 0.0000,  0.0000, 0.0000)
            ( 0.0000, 1.6900, -0.0000, 0.0000)
            ( 0.0000, 0.0000,  1.2500, 0.0000)
            (16.0000, 0.7000, -4.0000, 1.0000)>
MESH
ColumnBroken.001
<Matrix 4x4 ( -0.8035, 0.0000,  0.9576, 0.0000)
            (  0.0000, 1.2500,  0.0000, 0.0000)
            ( -1.2946, 0.0000, -1.0863, 0.0000)
            (-12.6835, 0.7000, -0.2847, 1.0000)>
MESH
ColumnBroken2.001
<Matrix 4x4 ( -1.0239, 0.0000,  0.7170, 0.0000)
            (  0.0000, 1.6900,  0.0000, 0.0000)
            ( -0.7170, 0.0000, -1.0239, 0.0000)
            (-16.0000, 0.7000, -4.0000, 1.0000)>
MESH
Carpet.001
<Matrix 4x4 (-0.0000, 0.0000, -2.5000, 0.0000)
            (-0.0000, 2.0000,  0.0000, 0.0000)
            ( 3.7500, 0.0000, -0.0000, 0.0000)
            ( 0.0000, 0.7000,  0.0000, 1.0000)>
MESH
Barrel.001
<Matrix 4x4 (2.0000, 0.0000,  0.0000, 0.0000)
            (0.0000, 2.0000, -0.0000, 0.0000)
            (0.0000, 0.0000,  2.0000, 0.0000)
            (5.5000, 0.7000,  7.2500, 1.0000)>
MESH
Barrel.002
<Matrix 4x4 (2.0000, 0.0000,  0.0000, 0.0000)
            (0.0000, 2.0000, -0.0000, 0.0000)
            (0.0000, 0.0000,  2.0000, 0.0000)
            (7.0000, 0.7000,  5.6500, 1.0000)>
MESH
Barrel.003
<Matrix 4x4 (2.0000, 0.0000,  0.0000, 0.0000)
            (0.0000, 2.0000, -0.0000, 0.0000)
            (0.0000, 0.0000,  2.0000, 0.0000)
            (8.5000, 0.7000,  7.2500, 1.0000)>
MESH
Barrel.004
<Matrix 4x4 ( -0.6567, -0.7557, 1.7314, 0.0000)
            (  1.8700,  0.0000, 0.7093, 0.0000)
            ( -0.2680,  1.8517, 0.7066, 0.0000)
            (-14.4924,  1.6600, 5.5828, 1.0000)>
MESH
Barrel.005
<Matrix 4x4 (  1.5766, -0.7557,  0.9713, 0.0000)
            (  1.0490, -0.0000, -1.7028, 0.0000)
            (  0.6434,  1.8517,  0.3964, 0.0000)
            (-11.8767,  1.6600,  4.9803, 1.0000)>
MESH
Barrel.006
<Matrix 4x4 (  2.0000, 0.0000,  0.0000, 0.0000)
            (  0.0000, 2.0000, -0.0000, 0.0000)
            (  0.0000, 0.0000,  2.0000, 0.0000)
            (-10.6602, 0.7000,  7.0480, 1.0000)>
MESH
Rock1.002
<Matrix 4x4 (  3.2766, 0.0000, -2.2943, 0.0000)
            ( -0.0000, 4.0000, -0.0000, 0.0000)
            (  2.2943, 0.0000,  3.2766, 0.0000)
            (-16.0374, 0.7000,  0.1771, 1.0000)>
MESH
Rock2.002
<Matrix 4x4 (  0.0000, -7.2468, -6.0808, 0.0000)
            (  8.6000,  0.0000, -0.0000, 0.0000)
            (  0.0000, -6.0808,  7.2468, 0.0000)
            (-26.8658,  4.0689,  4.9306, 1.0000)>
MESH
Rock2.003
<Matrix 4x4 (  7.2402, -0.0000, -0.7170, 0.0000)
            ( -0.0000, 18.3142, -0.0000, 0.0000)
            (  0.6447,  0.0000,  6.5095, 0.0000)
            (-25.8626,  0.7000, -5.5004, 1.0000)>
MESH
Rock2.004
<Matrix 4x4 ( -3.4864,  0.4533, -5.0833, 0.0000)
            (  6.3211, 10.4375, -3.4045, 0.0000)
            (  4.3402, -3.7072, -3.3073, 0.0000)
            (-25.2880,  4.5298, -0.3511, 1.0000)>
MESH
Rock2.005
<Matrix 4x4 (  2.3655, 0.0000,  2.8190, 0.0000)
            (  0.0000, 3.6800, -0.0000, 0.0000)
            ( -2.8190, 0.0000,  2.3655, 0.0000)
            (-15.8769, 0.7000, -7.0419, 1.0000)>
MESH
Rock3.002
<Matrix 4x4 ( 10.0000,  0.0000,  0.0000, 0.0000)
            (  0.0000, 10.0000, -0.0000, 0.0000)
            (  0.0000,  0.0000, 10.0000, 0.0000)
            (-20.4027,  0.7000, -4.4633, 1.0000)>
MESH
Rock4.002
<Matrix 4x4 (  8.6603,  0.0000, -5.0000, 0.0000)
            ( -0.0000, 10.0000, -0.0000, 0.0000)
            (  5.0000,  0.0000,  8.6603, 0.0000)
            (-20.6242,  0.7000,  4.4996, 1.0000)>
MESH
Rock5.002
<Matrix 4x4 (-14.9452,  0.0000,   3.2760, 0.0000)
            ( -0.0000, 15.3000,  -0.0000, 0.0000)
            ( -3.2760, -0.0000, -14.9452, 0.0000)
            (-23.6495,  1.0229,  -0.1055, 1.0000)>
MESH
Rock5.003
<Matrix 4x4 (  0.0000,  8.3533,  4.4047, 0.0000)
            ( 10.7036, -0.0000,  0.0000, 0.0000)
            (  0.0000,  4.4217, -8.3856, 0.0000)
            (-26.8374,  4.1704, -2.0836, 1.0000)>
MESH
Torch.001
<Matrix 4x4 (-0.0000, 0.0000,  1.0000, 0.0000)
            ( 0.0000, 1.0000,  0.0000, 0.0000)
            (-1.0000, 0.0000, -0.0000, 0.0000)
            (16.0000, 5.0000, -9.7500, 1.0000)>
MESH
Torch.002
<Matrix 4x4 (-0.0000, 0.0000, -1.0000, 0.0000)
            (-0.0000, 1.0000,  0.0000, 0.0000)
            ( 1.0000, 0.0000, -0.0000, 0.0000)
            (16.0000, 5.0000,  8.9547, 1.0000)>
MESH
Torch.003
<Matrix 4x4 ( -0.0000, 0.0000,  1.0000, 0.0000)
            (  0.0000, 1.0000,  0.0000, 0.0000)
            ( -1.0000, 0.0000, -0.0000, 0.0000)
            (-16.0000, 5.0000, -9.7500, 1.0000)>
MESH
Torch.004
<Matrix 4x4 (-0.0000, 0.0000,  1.0000, 0.0000)
            ( 0.0000, 1.0000,  0.0000, 0.0000)
            (-1.0000, 0.0000, -0.0000, 0.0000)
            ( 0.0000, 5.0000, -9.7500, 1.0000)>
MESH
Torch.005
<Matrix 4x4 (-0.0000, 0.0000, -1.0000, 0.0000)
            (-0.0000, 1.0000,  0.0000, 0.0000)
            ( 1.0000, 0.0000, -0.0000, 0.0000)
            ( 0.0000, 5.0000,  8.9547, 1.0000)>
MESH
ModularFloor.076
<Matrix 4x4 (2.0000, 0.0000,  0.0000, 0.0000)
            (0.0000, 2.0000, -0.0000, 0.0000)
            (0.0000, 0.0000,  2.0000, 0.0000)
            (0.0000, 9.0000,  0.0000, 1.0000)>
MESH
ModularFloor.077
<Matrix 4x4 (2.0000, 0.0000,  0.0000, 0.0000)
            (0.0000, 2.0000, -0.0000, 0.0000)
            (0.0000, 0.0000,  2.0000, 0.0000)
            (0.0000, 9.0000, -4.0000, 1.0000)>
MESH
ModularFloor.078
<Matrix 4x4 (2.0000, 0.0000,  0.0000, 0.0000)
            (0.0000, 2.0000, -0.0000, 0.0000)
            (0.0000, 0.0000,  2.0000, 0.0000)
            (0.0000, 9.0000,  4.0000, 1.0000)>
MESH
ModularFloor.079
<Matrix 4x4 (2.0000, 0.0000,  0.0000, 0.0000)
            (0.0000, 2.0000, -0.0000, 0.0000)
            (0.0000, 0.0000,  2.0000, 0.0000)
            (0.0000, 9.0000,  8.0000, 1.0000)>
MESH
ModularFloor.080
<Matrix 4x4 (2.0000, 0.0000,  0.0000, 0.0000)
            (0.0000, 2.0000, -0.0000, 0.0000)
            (0.0000, 0.0000,  2.0000, 0.0000)
            (0.0000, 9.0000, -8.0000, 1.0000)>
MESH
ModularFloor.081
<Matrix 4x4 (2.0000, 0.0000,  0.0000, 0.0000)
            (0.0000, 2.0000, -0.0000, 0.0000)
            (0.0000, 0.0000,  2.0000, 0.0000)
            (4.0000, 9.0000,  0.0000, 1.0000)>
MESH
ModularFloor.082
<Matrix 4x4 (2.0000, 0.0000,  0.0000, 0.0000)
            (0.0000, 2.0000, -0.0000, 0.0000)
            (0.0000, 0.0000,  2.0000, 0.0000)
            (4.0000, 9.0000, -4.0000, 1.0000)>
MESH
ModularFloor.083
<Matrix 4x4 (2.0000, 0.0000,  0.0000, 0.0000)
            (0.0000, 2.0000, -0.0000, 0.0000)
            (0.0000, 0.0000,  2.0000, 0.0000)
            (4.0000, 9.0000,  4.0000, 1.0000)>
MESH
ModularFloor.084
<Matrix 4x4 (2.0000, 0.0000,  0.0000, 0.0000)
            (0.0000, 2.0000, -0.0000, 0.0000)
            (0.0000, 0.0000,  2.0000, 0.0000)
            (4.0000, 9.0000,  8.0000, 1.0000)>
MESH
ModularFloor.085
<Matrix 4x4 (2.0000, 0.0000,  0.0000, 0.0000)
            (0.0000, 2.0000, -0.0000, 0.0000)
            (0.0000, 0.0000,  2.0000, 0.0000)
            (4.0000, 9.0000, -8.0000, 1.0000)>
MESH
ModularFloor.086
<Matrix 4x4 (2.0000, 0.0000,  0.0000, 0.0000)
            (0.0000, 2.0000, -0.0000, 0.0000)
            (0.0000, 0.0000,  2.0000, 0.0000)
            (8.0000, 9.0000,  0.0000, 1.0000)>
MESH
ModularFloor.087
<Matrix 4x4 (2.0000, 0.0000,  0.0000, 0.0000)
            (0.0000, 2.0000, -0.0000, 0.0000)
            (0.0000, 0.0000,  2.0000, 0.0000)
            (8.0000, 9.0000, -4.0000, 1.0000)>
MESH
ModularFloor.088
<Matrix 4x4 (2.0000, 0.0000,  0.0000, 0.0000)
            (0.0000, 2.0000, -0.0000, 0.0000)
            (0.0000, 0.0000,  2.0000, 0.0000)
            (8.0000, 9.0000,  4.0000, 1.0000)>
MESH
ModularFloor.089
<Matrix 4x4 (2.0000, 0.0000,  0.0000, 0.0000)
            (0.0000, 2.0000, -0.0000, 0.0000)
            (0.0000, 0.0000,  2.0000, 0.0000)
            (8.0000, 9.0000,  8.0000, 1.0000)>
MESH
ModularFloor.090
<Matrix 4x4 (2.0000, 0.0000,  0.0000, 0.0000)
            (0.0000, 2.0000, -0.0000, 0.0000)
            (0.0000, 0.0000,  2.0000, 0.0000)
            (8.0000, 9.0000, -8.0000, 1.0000)>
MESH
ModularFloor.091
<Matrix 4x4 ( 2.0000, 0.0000,  0.0000, 0.0000)
            ( 0.0000, 2.0000, -0.0000, 0.0000)
            ( 0.0000, 0.0000,  2.0000, 0.0000)
            (12.0000, 9.0000,  0.0000, 1.0000)>
MESH
ModularFloor.092
<Matrix 4x4 ( 2.0000, 0.0000,  0.0000, 0.0000)
            ( 0.0000, 2.0000, -0.0000, 0.0000)
            ( 0.0000, 0.0000,  2.0000, 0.0000)
            (12.0000, 9.0000, -4.0000, 1.0000)>
MESH
ModularFloor.093
<Matrix 4x4 ( 2.0000, 0.0000,  0.0000, 0.0000)
            ( 0.0000, 2.0000, -0.0000, 0.0000)
            ( 0.0000, 0.0000,  2.0000, 0.0000)
            (12.0000, 9.0000,  4.0000, 1.0000)>
MESH
ModularFloor.094
<Matrix 4x4 ( 2.0000, 0.0000,  0.0000, 0.0000)
            ( 0.0000, 2.0000, -0.0000, 0.0000)
            ( 0.0000, 0.0000,  2.0000, 0.0000)
            (12.0000, 9.0000,  8.0000, 1.0000)>
MESH
ModularFloor.095
<Matrix 4x4 ( 2.0000, 0.0000,  0.0000, 0.0000)
            ( 0.0000, 2.0000, -0.0000, 0.0000)
            ( 0.0000, 0.0000,  2.0000, 0.0000)
            (12.0000, 9.0000, -8.0000, 1.0000)>
MESH
ModularFloor.096
<Matrix 4x4 ( 2.0000, 0.0000,  0.0000, 0.0000)
            ( 0.0000, 2.0000, -0.0000, 0.0000)
            ( 0.0000, 0.0000,  2.0000, 0.0000)
            (16.0000, 9.0000,  0.0000, 1.0000)>
MESH
ModularFloor.097
<Matrix 4x4 ( 2.0000, 0.0000,  0.0000, 0.0000)
            ( 0.0000, 2.0000, -0.0000, 0.0000)
            ( 0.0000, 0.0000,  2.0000, 0.0000)
            (16.0000, 9.0000, -4.0000, 1.0000)>
MESH
ModularFloor.098
<Matrix 4x4 ( 2.0000, 0.0000,  0.0000, 0.0000)
            ( 0.0000, 2.0000, -0.0000, 0.0000)
            ( 0.0000, 0.0000,  2.0000, 0.0000)
            (16.0000, 9.0000,  4.0000, 1.0000)>
MESH
ModularFloor.099
<Matrix 4x4 ( 2.0000, 0.0000,  0.0000, 0.0000)
            ( 0.0000, 2.0000, -0.0000, 0.0000)
            ( 0.0000, 0.0000,  2.0000, 0.0000)
            (16.0000, 9.0000,  8.0000, 1.0000)>
MESH
ModularFloor.100
<Matrix 4x4 ( 2.0000, 0.0000,  0.0000, 0.0000)
            ( 0.0000, 2.0000, -0.0000, 0.0000)
            ( 0.0000, 0.0000,  2.0000, 0.0000)
            (16.0000, 9.0000, -8.0000, 1.0000)>
MESH
ModularFloor.101
<Matrix 4x4 ( 2.0000, 0.0000,  0.0000, 0.0000)
            ( 0.0000, 2.0000, -0.0000, 0.0000)
            ( 0.0000, 0.0000,  2.0000, 0.0000)
            (20.0000, 9.0000,  0.0000, 1.0000)>
MESH
ModularFloor.102
<Matrix 4x4 ( 2.0000, 0.0000,  0.0000, 0.0000)
            ( 0.0000, 2.0000, -0.0000, 0.0000)
            ( 0.0000, 0.0000,  2.0000, 0.0000)
            (20.0000, 9.0000, -4.0000, 1.0000)>
MESH
ModularFloor.103
<Matrix 4x4 ( 2.0000, 0.0000,  0.0000, 0.0000)
            ( 0.0000, 2.0000, -0.0000, 0.0000)
            ( 0.0000, 0.0000,  2.0000, 0.0000)
            (20.0000, 9.0000,  4.0000, 1.0000)>
MESH
ModularFloor.104
<Matrix 4x4 ( 2.0000, 0.0000,  0.0000, 0.0000)
            ( 0.0000, 2.0000, -0.0000, 0.0000)
            ( 0.0000, 0.0000,  2.0000, 0.0000)
            (20.0000, 9.0000,  8.0000, 1.0000)>
MESH
ModularFloor.105
<Matrix 4x4 ( 2.0000, 0.0000,  0.0000, 0.0000)
            ( 0.0000, 2.0000, -0.0000, 0.0000)
            ( 0.0000, 0.0000,  2.0000, 0.0000)
            (20.0000, 9.0000, -8.0000, 1.0000)>
MESH
ModularFloor.106
<Matrix 4x4 ( 2.0000, 0.0000,  0.0000, 0.0000)
            ( 0.0000, 2.0000, -0.0000, 0.0000)
            ( 0.0000, 0.0000,  2.0000, 0.0000)
            (24.0000, 9.0000,  0.0000, 1.0000)>
MESH
ModularFloor.107
<Matrix 4x4 ( 2.0000, 0.0000,  0.0000, 0.0000)
            ( 0.0000, 2.0000, -0.0000, 0.0000)
            ( 0.0000, 0.0000,  2.0000, 0.0000)
            (24.0000, 9.0000, -4.0000, 1.0000)>
MESH
ModularFloor.108
<Matrix 4x4 ( 2.0000, 0.0000,  0.0000, 0.0000)
            ( 0.0000, 2.0000, -0.0000, 0.0000)
            ( 0.0000, 0.0000,  2.0000, 0.0000)
            (24.0000, 9.0000,  4.0000, 1.0000)>
MESH
ModularFloor.109
<Matrix 4x4 ( 2.0000, 0.0000,  0.0000, 0.0000)
            ( 0.0000, 2.0000, -0.0000, 0.0000)
            ( 0.0000, 0.0000,  2.0000, 0.0000)
            (24.0000, 9.0000,  8.0000, 1.0000)>
MESH
ModularFloor.110
<Matrix 4x4 ( 2.0000, 0.0000,  0.0000, 0.0000)
            ( 0.0000, 2.0000, -0.0000, 0.0000)
            ( 0.0000, 0.0000,  2.0000, 0.0000)
            (24.0000, 9.0000, -8.0000, 1.0000)>
MESH
ModularFloor.111
<Matrix 4x4 ( 2.0000, 0.0000,  0.0000, 0.0000)
            ( 0.0000, 2.0000, -0.0000, 0.0000)
            ( 0.0000, 0.0000,  2.0000, 0.0000)
            (28.0000, 9.0000,  0.0000, 1.0000)>
MESH
ModularFloor.112
<Matrix 4x4 ( 2.0000, 0.0000,  0.0000, 0.0000)
            ( 0.0000, 2.0000, -0.0000, 0.0000)
            ( 0.0000, 0.0000,  2.0000, 0.0000)
            (28.0000, 9.0000, -4.0000, 1.0000)>
MESH
ModularFloor.113
<Matrix 4x4 ( 2.0000, 0.0000,  0.0000, 0.0000)
            ( 0.0000, 2.0000, -0.0000, 0.0000)
            ( 0.0000, 0.0000,  2.0000, 0.0000)
            (28.0000, 9.0000,  4.0000, 1.0000)>
MESH
ModularFloor.114
<Matrix 4x4 ( 2.0000, 0.0000,  0.0000, 0.0000)
            ( 0.0000, 2.0000, -0.0000, 0.0000)
            ( 0.0000, 0.0000,  2.0000, 0.0000)
            (28.0000, 9.0000,  8.0000, 1.0000)>
MESH
ModularFloor.115
<Matrix 4x4 ( 2.0000, 0.0000,  0.0000, 0.0000)
            ( 0.0000, 2.0000, -0.0000, 0.0000)
            ( 0.0000, 0.0000,  2.0000, 0.0000)
            (28.0000, 9.0000, -8.0000, 1.0000)>
MESH
ModularFloor.116
<Matrix 4x4 (  2.0000, 0.0000,  0.0000, 0.0000)
            (  0.0000, 2.0000, -0.0000, 0.0000)
            (  0.0000, 0.0000,  2.0000, 0.0000)
            (-28.0000, 9.0000,  0.0000, 1.0000)>
MESH
ModularFloor.117
<Matrix 4x4 (  2.0000, 0.0000,  0.0000, 0.0000)
            (  0.0000, 2.0000, -0.0000, 0.0000)
            (  0.0000, 0.0000,  2.0000, 0.0000)
            (-28.0000, 9.0000, -4.0000, 1.0000)>
MESH
ModularFloor.118
<Matrix 4x4 (  2.0000, 0.0000,  0.0000, 0.0000)
            (  0.0000, 2.0000, -0.0000, 0.0000)
            (  0.0000, 0.0000,  2.0000, 0.0000)
            (-28.0000, 9.0000,  4.0000, 1.0000)>
MESH
ModularFloor.119
<Matrix 4x4 (  2.0000, 0.0000,  0.0000, 0.0000)
            (  0.0000, 2.0000, -0.0000, 0.0000)
            (  0.0000, 0.0000,  2.0000, 0.0000)
            (-28.0000, 9.0000,  8.0000, 1.0000)>
MESH
ModularFloor.120
<Matrix 4x4 (  2.0000, 0.0000,  0.0000, 0.0000)
            (  0.0000, 2.0000, -0.0000, 0.0000)
            (  0.0000, 0.0000,  2.0000, 0.0000)
            (-28.0000, 9.0000, -8.0000, 1.0000)>
MESH
ModularFloor.121
<Matrix 4x4 (  2.0000, 0.0000,  0.0000, 0.0000)
            (  0.0000, 2.0000, -0.0000, 0.0000)
            (  0.0000, 0.0000,  2.0000, 0.0000)
            (-24.0000, 9.0000,  0.0000, 1.0000)>
MESH
ModularFloor.122
<Matrix 4x4 (  2.0000, 0.0000,  0.0000, 0.0000)
            (  0.0000, 2.0000, -0.0000, 0.0000)
            (  0.0000, 0.0000,  2.0000, 0.0000)
            (-24.0000, 9.0000, -4.0000, 1.0000)>
MESH
ModularFloor.123
<Matrix 4x4 (  2.0000, 0.0000,  0.0000, 0.0000)
            (  0.0000, 2.0000, -0.0000, 0.0000)
            (  0.0000, 0.0000,  2.0000, 0.0000)
            (-24.0000, 9.0000,  4.0000, 1.0000)>
MESH
ModularFloor.124
<Matrix 4x4 (  2.0000, 0.0000,  0.0000, 0.0000)
            (  0.0000, 2.0000, -0.0000, 0.0000)
            (  0.0000, 0.0000,  2.0000, 0.0000)
            (-24.0000, 9.0000,  8.0000, 1.0000)>
MESH
ModularFloor.125
<Matrix 4x4 (  2.0000, 0.0000,  0.0000, 0.0000)
            (  0.0000, 2.0000, -0.0000, 0.0000)
            (  0.0000, 0.0000,  2.0000, 0.0000)
            (-24.0000, 9.0000, -8.0000, 1.0000)>
MESH
ModularFloor.126
<Matrix 4x4 (  2.0000, 0.0000,  0.0000, 0.0000)
            (  0.0000, 2.0000, -0.0000, 0.0000)
            (  0.0000, 0.0000,  2.0000, 0.0000)
            (-20.0000, 9.0000,  0.0000, 1.0000)>
MESH
ModularFloor.127
<Matrix 4x4 (  2.0000, 0.0000,  0.0000, 0.0000)
            (  0.0000, 2.0000, -0.0000, 0.0000)
            (  0.0000, 0.0000,  2.0000, 0.0000)
            (-20.0000, 9.0000, -4.0000, 1.0000)>
MESH
ModularFloor.128
<Matrix 4x4 (  2.0000, 0.0000,  0.0000, 0.0000)
            (  0.0000, 2.0000, -0.0000, 0.0000)
            (  0.0000, 0.0000,  2.0000, 0.0000)
            (-20.0000, 9.0000,  4.0000, 1.0000)>
MESH
ModularFloor.129
<Matrix 4x4 (  2.0000, 0.0000,  0.0000, 0.0000)
            (  0.0000, 2.0000, -0.0000, 0.0000)
            (  0.0000, 0.0000,  2.0000, 0.0000)
            (-20.0000, 9.0000,  8.0000, 1.0000)>
MESH
ModularFloor.130
<Matrix 4x4 (  2.0000, 0.0000,  0.0000, 0.0000)
            (  0.0000, 2.0000, -0.0000, 0.0000)
            (  0.0000, 0.0000,  2.0000, 0.0000)
            (-20.0000, 9.0000, -8.0000, 1.0000)>
MESH
ModularFloor.131
<Matrix 4x4 (  2.0000, 0.0000,  0.0000, 0.0000)
            (  0.0000, 2.0000, -0.0000, 0.0000)
            (  0.0000, 0.0000,  2.0000, 0.0000)
            (-16.0000, 9.0000,  0.0000, 1.0000)>
MESH
ModularFloor.132
<Matrix 4x4 (  2.0000, 0.0000,  0.0000, 0.0000)
            (  0.0000, 2.0000, -0.0000, 0.0000)
            (  0.0000, 0.0000,  2.0000, 0.0000)
            (-16.0000, 9.0000, -4.0000, 1.0000)>
MESH
ModularFloor.133
<Matrix 4x4 (  2.0000, 0.0000,  0.0000, 0.0000)
            (  0.0000, 2.0000, -0.0000, 0.0000)
            (  0.0000, 0.0000,  2.0000, 0.0000)
            (-16.0000, 9.0000,  4.0000, 1.0000)>
MESH
ModularFloor.134
<Matrix 4x4 (  2.0000, 0.0000,  0.0000, 0.0000)
            (  0.0000, 2.0000, -0.0000, 0.0000)
            (  0.0000, 0.0000,  2.0000, 0.0000)
            (-16.0000, 9.0000,  8.0000, 1.0000)>
MESH
ModularFloor.135
<Matrix 4x4 (  2.0000, 0.0000,  0.0000, 0.0000)
            (  0.0000, 2.0000, -0.0000, 0.0000)
            (  0.0000, 0.0000,  2.0000, 0.0000)
            (-16.0000, 9.0000, -8.0000, 1.0000)>
MESH
ModularFloor.136
<Matrix 4x4 (  2.0000, 0.0000,  0.0000, 0.0000)
            (  0.0000, 2.0000, -0.0000, 0.0000)
            (  0.0000, 0.0000,  2.0000, 0.0000)
            (-12.0000, 9.0000,  0.0000, 1.0000)>
MESH
ModularFloor.137
<Matrix 4x4 (  2.0000, 0.0000,  0.0000, 0.0000)
            (  0.0000, 2.0000, -0.0000, 0.0000)
            (  0.0000, 0.0000,  2.0000, 0.0000)
            (-12.0000, 9.0000, -4.0000, 1.0000)>
MESH
ModularFloor.138
<Matrix 4x4 (  2.0000, 0.0000,  0.0000, 0.0000)
            (  0.0000, 2.0000, -0.0000, 0.0000)
            (  0.0000, 0.0000,  2.0000, 0.0000)
            (-12.0000, 9.0000,  4.0000, 1.0000)>
MESH
ModularFloor.139
<Matrix 4x4 (  2.0000, 0.0000,  0.0000, 0.0000)
            (  0.0000, 2.0000, -0.0000, 0.0000)
            (  0.0000, 0.0000,  2.0000, 0.0000)
            (-12.0000, 9.0000,  8.0000, 1.0000)>
MESH
ModularFloor.140
<Matrix 4x4 (  2.0000, 0.0000,  0.0000, 0.0000)
            (  0.0000, 2.0000, -0.0000, 0.0000)
            (  0.0000, 0.0000,  2.0000, 0.0000)
            (-12.0000, 9.0000, -8.0000, 1.0000)>
MESH
ModularFloor.141
<Matrix 4x4 ( 2.0000, 0.0000,  0.0000, 0.0000)
            ( 0.0000, 2.0000, -0.0000, 0.0000)
            ( 0.0000, 0.0000,  2.0000, 0.0000)
            (-8.0000, 9.0000,  0.0000, 1.0000)>
MESH
ModularFloor.142
<Matrix 4x4 ( 2.0000, 0.0000,  0.0000, 0.0000)
            ( 0.0000, 2.0000, -0.0000, 0.0000)
            ( 0.0000, 0.0000,  2.0000, 0.0000)
            (-8.0000, 9.0000, -4.0000, 1.0000)>
MESH
ModularFloor.143
<Matrix 4x4 ( 2.0000, 0.0000,  0.0000, 0.0000)
            ( 0.0000, 2.0000, -0.0000, 0.0000)
            ( 0.0000, 0.0000,  2.0000, 0.0000)
            (-8.0000, 9.0000,  4.0000, 1.0000)>
MESH
ModularFloor.144
<Matrix 4x4 ( 2.0000, 0.0000,  0.0000, 0.0000)
            ( 0.0000, 2.0000, -0.0000, 0.0000)
            ( 0.0000, 0.0000,  2.0000, 0.0000)
            (-8.0000, 9.0000,  8.0000, 1.0000)>
MESH
ModularFloor.145
<Matrix 4x4 ( 2.0000, 0.0000,  0.0000, 0.0000)
            ( 0.0000, 2.0000, -0.0000, 0.0000)
            ( 0.0000, 0.0000,  2.0000, 0.0000)
            (-8.0000, 9.0000, -8.0000, 1.0000)>
MESH
ModularFloor.146
<Matrix 4x4 ( 2.0000, 0.0000,  0.0000, 0.0000)
            ( 0.0000, 2.0000, -0.0000, 0.0000)
            ( 0.0000, 0.0000,  2.0000, 0.0000)
            (-4.0000, 9.0000,  0.0000, 1.0000)>
MESH
ModularFloor.147
<Matrix 4x4 ( 2.0000, 0.0000,  0.0000, 0.0000)
            ( 0.0000, 2.0000, -0.0000, 0.0000)
            ( 0.0000, 0.0000,  2.0000, 0.0000)
            (-4.0000, 9.0000, -4.0000, 1.0000)>
MESH
ModularFloor.148
<Matrix 4x4 ( 2.0000, 0.0000,  0.0000, 0.0000)
            ( 0.0000, 2.0000, -0.0000, 0.0000)
            ( 0.0000, 0.0000,  2.0000, 0.0000)
            (-4.0000, 9.0000,  4.0000, 1.0000)>
MESH
ModularFloor.149
<Matrix 4x4 ( 2.0000, 0.0000,  0.0000, 0.0000)
            ( 0.0000, 2.0000, -0.0000, 0.0000)
            ( 0.0000, 0.0000,  2.0000, 0.0000)
            (-4.0000, 9.0000,  8.0000, 1.0000)>
MESH
ModularFloor.150
<Matrix 4x4 ( 2.0000, 0.0000,  0.0000, 0.0000)
            ( 0.0000, 2.0000, -0.0000, 0.0000)
            ( 0.0000, 0.0000,  2.0000, 0.0000)
            (-4.0000, 9.0000, -8.0000, 1.0000)>
LIGHT
Point
<Matrix 4x4 ( 1.0000,  0.0000, 0.0000, 0.0000)
            ( 0.0000,  0.0000, 1.0000, 0.0000)
            ( 0.0000, -1.0000, 0.0000, 0.0000)
            (16.0000,  6.0000, 8.0000, 1.0000)>
LIGHT
Point.001
<Matrix 4x4 ( 1.0000,  0.0000,  0.0000, 0.0000)
            ( 0.0000,  0.0000,  1.0000, 0.0000)
            ( 0.0000, -1.0000,  0.0000, 0.0000)
            (16.0000,  6.0000, -8.8334, 1.0000)>
LIGHT
Point.002
<Matrix 4x4 (1.0000,  0.0000, 0.0000, 0.0000)
            (0.0000,  0.0000, 1.0000, 0.0000)
            (0.0000, -1.0000, 0.0000, 0.0000)
            (0.0000,  6.0000, 8.0000, 1.0000)>
LIGHT
Point.003
<Matrix 4x4 (1.0000,  0.0000,  0.0000, 0.0000)
            (0.0000,  0.0000,  1.0000, 0.0000)
            (0.0000, -1.0000,  0.0000, 0.0000)
            (0.0000,  6.0000, -8.8334, 1.0000)>
LIGHT
Point.004
<Matrix 4x4 (  1.0000,  0.0000,  0.0000, 0.0000)
            (  0.0000,  0.0000,  1.0000, 0.0000)
            (  0.0000, -1.0000,  0.0000, 0.0000)
            (-16.0000,  6.0000, -8.8334, 1.0000)>
