# Game Level Exporter v1.0
MESH
Entrance
<Matrix 4x4 (2.0541,  0.0000,  0.0000, 0.0000)
            (0.0000, -0.0000,  1.0000, 0.0000)
            (0.0000, -1.0000, -0.0000, 0.0000)
            (0.0000,  0.0000,  0.0000, 1.0000)>
LIGHT
Light
<Matrix 4x4 (-0.2909, -0.0552,  0.9552, 0.0000)
            (-0.7711,  0.6045, -0.1999, 0.0000)
            (-0.5664, -0.7947, -0.2184, 0.0000)
            ( 4.0762,  5.9039,  1.0055, 1.0000)>
CAMERA
Camera
<Matrix 4x4 ( 0.6859,  0.0000,  0.7277, 0.0000)
            (-0.3240,  0.8954,  0.3054, 0.0000)
            (-0.6516, -0.4453,  0.6142, 0.0000)
            ( 7.3589,  4.9583, -6.9258, 1.0000)>
MESH
ModularFloor.530
<Matrix 4x4 ( 0.0000,  0.0000,  1.0000, 0.0000)
            (-1.0000,  0.0000,  0.0000, 0.0000)
            ( 0.0000, -1.0000,  0.0000, 0.0000)
            ( 5.0000,  0.0000, -1.0000, 1.0000)>
MESH
ModularFloor.531
<Matrix 4x4 ( 0.0000,  0.0000,  1.0000, 0.0000)
            (-1.0000,  0.0000,  0.0000, 0.0000)
            ( 0.0000, -1.0000,  0.0000, 0.0000)
            ( 5.0000,  0.0000, -3.0000, 1.0000)>
MESH
ModularFloor.533
<Matrix 4x4 ( 0.0000,  0.0000,  1.0000, 0.0000)
            (-1.0000,  0.0000,  0.0000, 0.0000)
            ( 0.0000, -1.0000,  0.0000, 0.0000)
            ( 3.0000,  0.0000, -1.0000, 1.0000)>
MESH
ModularFloor.534
<Matrix 4x4 ( 0.0000,  0.0000,  1.0000, 0.0000)
            (-1.0000,  0.0000,  0.0000, 0.0000)
            ( 0.0000, -1.0000,  0.0000, 0.0000)
            ( 3.0000,  0.0000, -3.0000, 1.0000)>
MESH
ModularFloor.554
<Matrix 4x4 ( 0.0000,  0.0000,  1.0000, 0.0000)
            (-1.0000,  0.0000,  0.0000, 0.0000)
            ( 0.0000, -1.0000,  0.0000, 0.0000)
            ( 7.0000,  0.0000, -1.0000, 1.0000)>
MESH
ModularFloor.555
<Matrix 4x4 ( 0.0000,  0.0000,  1.0000, 0.0000)
            (-1.0000,  0.0000,  0.0000, 0.0000)
            ( 0.0000, -1.0000,  0.0000, 0.0000)
            ( 7.0000,  0.0000, -3.0000, 1.0000)>
MESH
ModularFloor.566
<Matrix 4x4 ( 0.0000,  0.0000,  1.0000, 0.0000)
            (-1.0000,  0.0000,  0.0000, 0.0000)
            ( 0.0000, -1.0000,  0.0000, 0.0000)
            ( 5.0000,  0.0000, -7.0000, 1.0000)>
MESH
ModularFloor.567
<Matrix 4x4 ( 0.0000,  0.0000,  1.0000, 0.0000)
            (-1.0000,  0.0000,  0.0000, 0.0000)
            ( 0.0000, -1.0000,  0.0000, 0.0000)
            ( 5.0000,  0.0000, -9.0000, 1.0000)>
MESH
ModularFloor.568
<Matrix 4x4 ( 0.0000,  0.0000,  1.0000, 0.0000)
            (-1.0000,  0.0000,  0.0000, 0.0000)
            ( 0.0000, -1.0000,  0.0000, 0.0000)
            ( 5.0000,  0.0000, -5.0000, 1.0000)>
MESH
ModularFloor.569
<Matrix 4x4 ( 0.0000,  0.0000,  1.0000, 0.0000)
            (-1.0000,  0.0000,  0.0000, 0.0000)
            ( 0.0000, -1.0000,  0.0000, 0.0000)
            ( 3.0000,  0.0000, -7.0000, 1.0000)>
MESH
ModularFloor.570
<Matrix 4x4 ( 0.0000,  0.0000,  1.0000, 0.0000)
            (-1.0000,  0.0000,  0.0000, 0.0000)
            ( 0.0000, -1.0000,  0.0000, 0.0000)
            ( 3.0000,  0.0000, -9.0000, 1.0000)>
MESH
ModularFloor.571
<Matrix 4x4 ( 0.0000,  0.0000,  1.0000, 0.0000)
            (-1.0000,  0.0000,  0.0000, 0.0000)
            ( 0.0000, -1.0000,  0.0000, 0.0000)
            ( 3.0000,  0.0000, -5.0000, 1.0000)>
MESH
ModularFloor.572
<Matrix 4x4 ( 0.0000,  0.0000,  1.0000, 0.0000)
            (-1.0000,  0.0000,  0.0000, 0.0000)
            ( 0.0000, -1.0000,  0.0000, 0.0000)
            ( 7.0000,  0.0000, -7.0000, 1.0000)>
MESH
ModularFloor.573
<Matrix 4x4 ( 0.0000,  0.0000,  1.0000, 0.0000)
            (-1.0000,  0.0000,  0.0000, 0.0000)
            ( 0.0000, -1.0000,  0.0000, 0.0000)
            ( 7.0000,  0.0000, -9.0000, 1.0000)>
MESH
ModularFloor.574
<Matrix 4x4 ( 0.0000,  0.0000,  1.0000, 0.0000)
            (-1.0000,  0.0000,  0.0000, 0.0000)
            ( 0.0000, -1.0000,  0.0000, 0.0000)
            ( 7.0000,  0.0000, -5.0000, 1.0000)>
MESH
ModularFloor.608
<Matrix 4x4 ( 0.0000,  0.0000,  1.0000, 0.0000)
            (-1.0000,  0.0000,  0.0000, 0.0000)
            ( 0.0000, -1.0000,  0.0000, 0.0000)
            ( 1.0000,  0.0000, -3.0000, 1.0000)>
MESH
ModularFloor.609
<Matrix 4x4 ( 1.0000,  0.0000,  0.0000, 0.0000)
            ( 0.0000,  0.0000,  1.0000, 0.0000)
            ( 0.0000, -1.0000,  0.0000, 0.0000)
            (-3.0000,  0.0000, -7.0000, 1.0000)>
MESH
ModularFloor.610
<Matrix 4x4 ( 1.0000,  0.0000,  0.0000, 0.0000)
            ( 0.0000,  0.0000,  1.0000, 0.0000)
            ( 0.0000, -1.0000,  0.0000, 0.0000)
            (-5.0000,  0.0000, -7.0000, 1.0000)>
MESH
ModularFloor.611
<Matrix 4x4 ( 1.0000,  0.0000,  0.0000, 0.0000)
            ( 0.0000,  0.0000,  1.0000, 0.0000)
            ( 0.0000, -1.0000,  0.0000, 0.0000)
            (-1.0000,  0.0000, -7.0000, 1.0000)>
MESH
ModularFloor.612
<Matrix 4x4 ( 1.0000,  0.0000,  0.0000, 0.0000)
            ( 0.0000,  0.0000,  1.0000, 0.0000)
            ( 0.0000, -1.0000,  0.0000, 0.0000)
            (-3.0000,  0.0000, -5.0000, 1.0000)>
MESH
ModularFloor.613
<Matrix 4x4 ( 1.0000,  0.0000,  0.0000, 0.0000)
            ( 0.0000,  0.0000,  1.0000, 0.0000)
            ( 0.0000, -1.0000,  0.0000, 0.0000)
            (-5.0000,  0.0000, -5.0000, 1.0000)>
MESH
ModularFloor.614
<Matrix 4x4 ( 1.0000,  0.0000,  0.0000, 0.0000)
            ( 0.0000,  0.0000,  1.0000, 0.0000)
            ( 0.0000, -1.0000,  0.0000, 0.0000)
            (-1.0000,  0.0000, -5.0000, 1.0000)>
MESH
ModularFloor.615
<Matrix 4x4 ( 1.0000,  0.0000,  0.0000, 0.0000)
            ( 0.0000,  0.0000,  1.0000, 0.0000)
            ( 0.0000, -1.0000,  0.0000, 0.0000)
            (-9.0000,  0.0000, -7.0000, 1.0000)>
MESH
ModularFloor.616
<Matrix 4x4 ( 1.0000,  0.0000,  0.0000, 0.0000)
            ( 0.0000,  0.0000,  1.0000, 0.0000)
            ( 0.0000, -1.0000,  0.0000, 0.0000)
            (-7.0000,  0.0000, -7.0000, 1.0000)>
MESH
ModularFloor.617
<Matrix 4x4 ( 1.0000,  0.0000,  0.0000, 0.0000)
            ( 0.0000,  0.0000,  1.0000, 0.0000)
            ( 0.0000, -1.0000,  0.0000, 0.0000)
            (-9.0000,  0.0000, -5.0000, 1.0000)>
MESH
ModularFloor.618
<Matrix 4x4 ( 1.0000,  0.0000,  0.0000, 0.0000)
            ( 0.0000,  0.0000,  1.0000, 0.0000)
            ( 0.0000, -1.0000,  0.0000, 0.0000)
            (-7.0000,  0.0000, -5.0000, 1.0000)>
MESH
ModularFloor.619
<Matrix 4x4 ( 1.0000,  0.0000,  0.0000, 0.0000)
            ( 0.0000,  0.0000,  1.0000, 0.0000)
            ( 0.0000, -1.0000,  0.0000, 0.0000)
            (-3.0000,  0.0000, -1.0000, 1.0000)>
MESH
ModularFloor.620
<Matrix 4x4 ( 1.0000,  0.0000,  0.0000, 0.0000)
            ( 0.0000,  0.0000,  1.0000, 0.0000)
            ( 0.0000, -1.0000,  0.0000, 0.0000)
            (-5.0000,  0.0000, -1.0000, 1.0000)>
MESH
ModularFloor.621
<Matrix 4x4 ( 1.0000,  0.0000,  0.0000, 0.0000)
            ( 0.0000,  0.0000,  1.0000, 0.0000)
            ( 0.0000, -1.0000,  0.0000, 0.0000)
            (-1.0000,  0.0000, -1.0000, 1.0000)>
MESH
ModularFloor.622
<Matrix 4x4 ( 1.0000,  0.0000, 0.0000, 0.0000)
            ( 0.0000,  0.0000, 1.0000, 0.0000)
            ( 0.0000, -1.0000, 0.0000, 0.0000)
            (-3.0000,  0.0000, 1.0000, 1.0000)>
MESH
ModularFloor.623
<Matrix 4x4 ( 1.0000,  0.0000, 0.0000, 0.0000)
            ( 0.0000,  0.0000, 1.0000, 0.0000)
            ( 0.0000, -1.0000, 0.0000, 0.0000)
            (-5.0000,  0.0000, 1.0000, 1.0000)>
MESH
ModularFloor.624
<Matrix 4x4 ( 1.0000,  0.0000, 0.0000, 0.0000)
            ( 0.0000,  0.0000, 1.0000, 0.0000)
            ( 0.0000, -1.0000, 0.0000, 0.0000)
            (-1.0000,  0.0000, 1.0000, 1.0000)>
MESH
ModularFloor.625
<Matrix 4x4 ( 1.0000,  0.0000,  0.0000, 0.0000)
            ( 0.0000,  0.0000,  1.0000, 0.0000)
            ( 0.0000, -1.0000,  0.0000, 0.0000)
            (-3.0000,  0.0000, -3.0000, 1.0000)>
MESH
ModularFloor.626
<Matrix 4x4 ( 1.0000,  0.0000,  0.0000, 0.0000)
            ( 0.0000,  0.0000,  1.0000, 0.0000)
            ( 0.0000, -1.0000,  0.0000, 0.0000)
            (-5.0000,  0.0000, -3.0000, 1.0000)>
MESH
ModularFloor.627
<Matrix 4x4 ( 1.0000,  0.0000,  0.0000, 0.0000)
            ( 0.0000,  0.0000,  1.0000, 0.0000)
            ( 0.0000, -1.0000,  0.0000, 0.0000)
            (-1.0000,  0.0000, -3.0000, 1.0000)>
MESH
ModularFloor.628
<Matrix 4x4 ( 1.0000,  0.0000,  0.0000, 0.0000)
            ( 0.0000,  0.0000,  1.0000, 0.0000)
            ( 0.0000, -1.0000,  0.0000, 0.0000)
            (-9.0000,  0.0000, -1.0000, 1.0000)>
MESH
ModularFloor.629
<Matrix 4x4 ( 1.0000,  0.0000,  0.0000, 0.0000)
            ( 0.0000,  0.0000,  1.0000, 0.0000)
            ( 0.0000, -1.0000,  0.0000, 0.0000)
            (-7.0000,  0.0000, -1.0000, 1.0000)>
MESH
ModularFloor.630
<Matrix 4x4 ( 1.0000,  0.0000, 0.0000, 0.0000)
            ( 0.0000,  0.0000, 1.0000, 0.0000)
            ( 0.0000, -1.0000, 0.0000, 0.0000)
            (-9.0000,  0.0000, 1.0000, 1.0000)>
MESH
ModularFloor.631
<Matrix 4x4 ( 1.0000,  0.0000, 0.0000, 0.0000)
            ( 0.0000,  0.0000, 1.0000, 0.0000)
            ( 0.0000, -1.0000, 0.0000, 0.0000)
            (-7.0000,  0.0000, 1.0000, 1.0000)>
MESH
ModularFloor.632
<Matrix 4x4 ( 1.0000,  0.0000,  0.0000, 0.0000)
            ( 0.0000,  0.0000,  1.0000, 0.0000)
            ( 0.0000, -1.0000,  0.0000, 0.0000)
            (-9.0000,  0.0000, -3.0000, 1.0000)>
MESH
ModularFloor.633
<Matrix 4x4 ( 1.0000,  0.0000,  0.0000, 0.0000)
            ( 0.0000,  0.0000,  1.0000, 0.0000)
            ( 0.0000, -1.0000,  0.0000, 0.0000)
            (-7.0000,  0.0000, -3.0000, 1.0000)>
MESH
ModularFloor.634
<Matrix 4x4 ( 1.0000,  0.0000, 0.0000, 0.0000)
            ( 0.0000,  0.0000, 1.0000, 0.0000)
            ( 0.0000, -1.0000, 0.0000, 0.0000)
            (-3.0000,  0.0000, 5.0000, 1.0000)>
MESH
ModularFloor.635
<Matrix 4x4 ( 1.0000,  0.0000, 0.0000, 0.0000)
            ( 0.0000,  0.0000, 1.0000, 0.0000)
            ( 0.0000, -1.0000, 0.0000, 0.0000)
            (-5.0000,  0.0000, 5.0000, 1.0000)>
MESH
ModularFloor.636
<Matrix 4x4 ( 1.0000,  0.0000, 0.0000, 0.0000)
            ( 0.0000,  0.0000, 1.0000, 0.0000)
            ( 0.0000, -1.0000, 0.0000, 0.0000)
            (-1.0000,  0.0000, 5.0000, 1.0000)>
MESH
ModularFloor.637
<Matrix 4x4 ( 1.0000,  0.0000, 0.0000, 0.0000)
            ( 0.0000,  0.0000, 1.0000, 0.0000)
            ( 0.0000, -1.0000, 0.0000, 0.0000)
            (-3.0000,  0.0000, 7.0000, 1.0000)>
MESH
ModularFloor.638
<Matrix 4x4 ( 1.0000,  0.0000, 0.0000, 0.0000)
            ( 0.0000,  0.0000, 1.0000, 0.0000)
            ( 0.0000, -1.0000, 0.0000, 0.0000)
            (-5.0000,  0.0000, 7.0000, 1.0000)>
MESH
ModularFloor.639
<Matrix 4x4 ( 1.0000,  0.0000, 0.0000, 0.0000)
            ( 0.0000,  0.0000, 1.0000, 0.0000)
            ( 0.0000, -1.0000, 0.0000, 0.0000)
            (-1.0000,  0.0000, 7.0000, 1.0000)>
MESH
ModularFloor.640
<Matrix 4x4 ( 1.0000,  0.0000, 0.0000, 0.0000)
            ( 0.0000,  0.0000, 1.0000, 0.0000)
            ( 0.0000, -1.0000, 0.0000, 0.0000)
            (-3.0000,  0.0000, 3.0000, 1.0000)>
MESH
ModularFloor.641
<Matrix 4x4 ( 1.0000,  0.0000, 0.0000, 0.0000)
            ( 0.0000,  0.0000, 1.0000, 0.0000)
            ( 0.0000, -1.0000, 0.0000, 0.0000)
            (-5.0000,  0.0000, 3.0000, 1.0000)>
MESH
ModularFloor.642
<Matrix 4x4 ( 1.0000,  0.0000, 0.0000, 0.0000)
            ( 0.0000,  0.0000, 1.0000, 0.0000)
            ( 0.0000, -1.0000, 0.0000, 0.0000)
            (-1.0000,  0.0000, 3.0000, 1.0000)>
MESH
ModularFloor.643
<Matrix 4x4 ( 1.0000,  0.0000, 0.0000, 0.0000)
            ( 0.0000,  0.0000, 1.0000, 0.0000)
            ( 0.0000, -1.0000, 0.0000, 0.0000)
            (-9.0000,  0.0000, 5.0000, 1.0000)>
MESH
ModularFloor.644
<Matrix 4x4 ( 1.0000,  0.0000, 0.0000, 0.0000)
            ( 0.0000,  0.0000, 1.0000, 0.0000)
            ( 0.0000, -1.0000, 0.0000, 0.0000)
            (-7.0000,  0.0000, 5.0000, 1.0000)>
MESH
ModularFloor.645
<Matrix 4x4 ( 1.0000,  0.0000, 0.0000, 0.0000)
            ( 0.0000,  0.0000, 1.0000, 0.0000)
            ( 0.0000, -1.0000, 0.0000, 0.0000)
            (-9.0000,  0.0000, 7.0000, 1.0000)>
MESH
ModularFloor.646
<Matrix 4x4 ( 1.0000,  0.0000, 0.0000, 0.0000)
            ( 0.0000,  0.0000, 1.0000, 0.0000)
            ( 0.0000, -1.0000, 0.0000, 0.0000)
            (-7.0000,  0.0000, 7.0000, 1.0000)>
MESH
ModularFloor.647
<Matrix 4x4 ( 1.0000,  0.0000, 0.0000, 0.0000)
            ( 0.0000,  0.0000, 1.0000, 0.0000)
            ( 0.0000, -1.0000, 0.0000, 0.0000)
            (-9.0000,  0.0000, 3.0000, 1.0000)>
MESH
ModularFloor.648
<Matrix 4x4 ( 1.0000,  0.0000, 0.0000, 0.0000)
            ( 0.0000,  0.0000, 1.0000, 0.0000)
            ( 0.0000, -1.0000, 0.0000, 0.0000)
            (-7.0000,  0.0000, 3.0000, 1.0000)>
MESH
ModularFloor.649
<Matrix 4x4 ( 1.0000,  0.0000,  0.0000, 0.0000)
            ( 0.0000,  0.0000,  1.0000, 0.0000)
            ( 0.0000, -1.0000,  0.0000, 0.0000)
            (-3.0000,  0.0000, 11.0000, 1.0000)>
MESH
ModularFloor.650
<Matrix 4x4 ( 1.0000,  0.0000,  0.0000, 0.0000)
            ( 0.0000,  0.0000,  1.0000, 0.0000)
            ( 0.0000, -1.0000,  0.0000, 0.0000)
            (-5.0000,  0.0000, 11.0000, 1.0000)>
MESH
ModularFloor.651
<Matrix 4x4 ( 1.0000,  0.0000,  0.0000, 0.0000)
            ( 0.0000,  0.0000,  1.0000, 0.0000)
            ( 0.0000, -1.0000,  0.0000, 0.0000)
            (-1.0000,  0.0000, 11.0000, 1.0000)>
MESH
ModularFloor.652
<Matrix 4x4 ( 1.0000,  0.0000, 0.0000, 0.0000)
            ( 0.0000,  0.0000, 1.0000, 0.0000)
            ( 0.0000, -1.0000, 0.0000, 0.0000)
            (-3.0000,  0.0000, 9.0000, 1.0000)>
MESH
ModularFloor.653
<Matrix 4x4 ( 1.0000,  0.0000, 0.0000, 0.0000)
            ( 0.0000,  0.0000, 1.0000, 0.0000)
            ( 0.0000, -1.0000, 0.0000, 0.0000)
            (-5.0000,  0.0000, 9.0000, 1.0000)>
MESH
ModularFloor.654
<Matrix 4x4 ( 1.0000,  0.0000, 0.0000, 0.0000)
            ( 0.0000,  0.0000, 1.0000, 0.0000)
            ( 0.0000, -1.0000, 0.0000, 0.0000)
            (-1.0000,  0.0000, 9.0000, 1.0000)>
MESH
ModularFloor.655
<Matrix 4x4 ( 1.0000,  0.0000,  0.0000, 0.0000)
            ( 0.0000,  0.0000,  1.0000, 0.0000)
            ( 0.0000, -1.0000,  0.0000, 0.0000)
            (-9.0000,  0.0000, 11.0000, 1.0000)>
MESH
ModularFloor.656
<Matrix 4x4 ( 1.0000,  0.0000,  0.0000, 0.0000)
            ( 0.0000,  0.0000,  1.0000, 0.0000)
            ( 0.0000, -1.0000,  0.0000, 0.0000)
            (-7.0000,  0.0000, 11.0000, 1.0000)>
MESH
ModularFloor.657
<Matrix 4x4 ( 1.0000,  0.0000, 0.0000, 0.0000)
            ( 0.0000,  0.0000, 1.0000, 0.0000)
            ( 0.0000, -1.0000, 0.0000, 0.0000)
            (-9.0000,  0.0000, 9.0000, 1.0000)>
MESH
ModularFloor.658
<Matrix 4x4 ( 1.0000,  0.0000, 0.0000, 0.0000)
            ( 0.0000,  0.0000, 1.0000, 0.0000)
            ( 0.0000, -1.0000, 0.0000, 0.0000)
            (-7.0000,  0.0000, 9.0000, 1.0000)>
MESH
ModularFloor.692
<Matrix 4x4 (  1.0000,  0.0000,  0.0000, 0.0000)
            (  0.0000,  0.0000,  1.0000, 0.0000)
            (  0.0000, -1.0000,  0.0000, 0.0000)
            (-11.0000,  0.0000, -7.0000, 1.0000)>
MESH
ModularFloor.693
<Matrix 4x4 (  1.0000,  0.0000,  0.0000, 0.0000)
            (  0.0000,  0.0000,  1.0000, 0.0000)
            (  0.0000, -1.0000,  0.0000, 0.0000)
            (-11.0000,  0.0000, -5.0000, 1.0000)>
MESH
ModularFloor.694
<Matrix 4x4 (  1.0000,  0.0000,  0.0000, 0.0000)
            (  0.0000,  0.0000,  1.0000, 0.0000)
            (  0.0000, -1.0000,  0.0000, 0.0000)
            (-11.0000,  0.0000, -1.0000, 1.0000)>
MESH
ModularFloor.695
<Matrix 4x4 (  1.0000,  0.0000, 0.0000, 0.0000)
            (  0.0000,  0.0000, 1.0000, 0.0000)
            (  0.0000, -1.0000, 0.0000, 0.0000)
            (-11.0000,  0.0000, 1.0000, 1.0000)>
MESH
ModularFloor.696
<Matrix 4x4 (  1.0000,  0.0000,  0.0000, 0.0000)
            (  0.0000,  0.0000,  1.0000, 0.0000)
            (  0.0000, -1.0000,  0.0000, 0.0000)
            (-11.0000,  0.0000, -3.0000, 1.0000)>
MESH
ModularFloor.697
<Matrix 4x4 (  1.0000,  0.0000, 0.0000, 0.0000)
            (  0.0000,  0.0000, 1.0000, 0.0000)
            (  0.0000, -1.0000, 0.0000, 0.0000)
            (-11.0000,  0.0000, 5.0000, 1.0000)>
MESH
ModularFloor.698
<Matrix 4x4 (  1.0000,  0.0000, 0.0000, 0.0000)
            (  0.0000,  0.0000, 1.0000, 0.0000)
            (  0.0000, -1.0000, 0.0000, 0.0000)
            (-11.0000,  0.0000, 7.0000, 1.0000)>
MESH
ModularFloor.699
<Matrix 4x4 (  1.0000,  0.0000, 0.0000, 0.0000)
            (  0.0000,  0.0000, 1.0000, 0.0000)
            (  0.0000, -1.0000, 0.0000, 0.0000)
            (-11.0000,  0.0000, 3.0000, 1.0000)>
MESH
ModularFloor.700
<Matrix 4x4 (  1.0000,  0.0000,  0.0000, 0.0000)
            (  0.0000,  0.0000,  1.0000, 0.0000)
            (  0.0000, -1.0000,  0.0000, 0.0000)
            (-11.0000,  0.0000, 11.0000, 1.0000)>
MESH
ModularFloor.701
<Matrix 4x4 (  1.0000,  0.0000, 0.0000, 0.0000)
            (  0.0000,  0.0000, 1.0000, 0.0000)
            (  0.0000, -1.0000, 0.0000, 0.0000)
            (-11.0000,  0.0000, 9.0000, 1.0000)>
MESH
ModularFloor.702
<Matrix 4x4 ( 0.0000,  0.0000,  1.0000, 0.0000)
            (-1.0000,  0.0000,  0.0000, 0.0000)
            ( 0.0000, -1.0000,  0.0000, 0.0000)
            ( 1.0000,  0.0000, -5.0000, 1.0000)>
MESH
ModularFloor.703
<Matrix 4x4 ( 0.0000,  0.0000,  1.0000, 0.0000)
            (-1.0000,  0.0000,  0.0000, 0.0000)
            ( 0.0000, -1.0000,  0.0000, 0.0000)
            ( 1.0000,  0.0000, -1.0000, 1.0000)>
MESH
ColumnWall
<Matrix 4x4 (-1.0000,  0.0000,  0.0000, 0.0000)
            (-0.0000, -0.0000, -1.0000, 0.0000)
            ( 0.0000, -1.0000,  0.0000, 0.0000)
            (-0.5129,  2.4213, 11.3176, 1.0000)>
MESH
ColumnWall.001
<Matrix 4x4 (-1.0000,  0.0000,  0.0000, 0.0000)
            (-0.0000, -0.0000, -1.0000, 0.0000)
            ( 0.0000, -1.0000,  0.0000, 0.0000)
            (-0.5129,  2.4213,  8.7176, 1.0000)>
MESH
ColumnWall.002
<Matrix 4x4 (-1.0000,  0.0000,  0.0000, 0.0000)
            (-0.0000, -0.0000, -1.0000, 0.0000)
            ( 0.0000, -1.0000,  0.0000, 0.0000)
            (-0.5129,  2.4213,  6.1176, 1.0000)>
MESH
ColumnWall.003
<Matrix 4x4 (-1.0000,  0.0000,  0.0000, 0.0000)
            (-0.0000, -0.0000, -1.0000, 0.0000)
            ( 0.0000, -1.0000,  0.0000, 0.0000)
            (-0.5129,  2.4213,  3.5176, 1.0000)>
MESH
ColumnWall.004
<Matrix 4x4 (-1.0000,  0.0000,  0.0000, 0.0000)
            (-0.0000, -0.0000, -1.0000, 0.0000)
            ( 0.0000, -1.0000,  0.0000, 0.0000)
            (-0.5129,  2.4213,  0.9177, 1.0000)>
MESH
ColumnWall.005
<Matrix 4x4 ( 0.0000,  0.0000, -1.0000, 0.0000)
            ( 1.0000, -0.0000,  0.0000, 0.0000)
            (-0.0000, -1.0000, -0.0000, 0.0000)
            (-0.5129,  2.4213, -1.6823, 1.0000)>
MESH
ColumnWall.006
<Matrix 4x4 (-1.0000,  0.0000,  0.0000, 0.0000)
            (-0.0000, -0.0000, -1.0000, 0.0000)
            ( 0.0000, -1.0000,  0.0000, 0.0000)
            (-0.5129,  2.4213, -4.2823, 1.0000)>
MESH
ColumnWall.007
<Matrix 4x4 ( 0.0000,  0.0000,  1.0000, 0.0000)
            (-1.0000, -0.0000,  0.0000, 0.0000)
            ( 0.0000, -1.0000, -0.0000, 0.0000)
            (-0.5129,  2.4213, -6.8823, 1.0000)>
MESH
ColumnWall.008
<Matrix 4x4 ( 0.0000,  0.0000,  1.0000, 0.0000)
            (-1.0000, -0.0000,  0.0000, 0.0000)
            ( 0.0000, -1.0000, -0.0000, 0.0000)
            (-3.1129,  2.4213, -6.8823, 1.0000)>
MESH
ColumnWall.009
<Matrix 4x4 ( 0.0000,  0.0000,  1.0000, 0.0000)
            (-1.0000, -0.0000,  0.0000, 0.0000)
            ( 0.0000, -1.0000, -0.0000, 0.0000)
            (-5.7129,  2.4213, -6.8823, 1.0000)>
MESH
ColumnWall.010
<Matrix 4x4 ( 0.0000,  0.0000,  1.0000, 0.0000)
            (-1.0000, -0.0000,  0.0000, 0.0000)
            ( 0.0000, -1.0000, -0.0000, 0.0000)
            (-8.3129,  2.4213, -6.8823, 1.0000)>
MESH
ColumnWall.011
<Matrix 4x4 (  1.0000,  0.0000,  0.0000, 0.0000)
            (  0.0000, -0.0000,  1.0000, 0.0000)
            (  0.0000, -1.0000, -0.0000, 0.0000)
            (-10.9129,  2.4213, -6.8823, 1.0000)>
MESH
ColumnWall.012
<Matrix 4x4 (  1.0000,  0.0000,  0.0000, 0.0000)
            (  0.0000, -0.0000,  1.0000, 0.0000)
            (  0.0000, -1.0000, -0.0000, 0.0000)
            (-10.9129,  2.4213, -4.2823, 1.0000)>
MESH
ColumnWall.013
<Matrix 4x4 (  1.0000,  0.0000,  0.0000, 0.0000)
            (  0.0000, -0.0000,  1.0000, 0.0000)
            (  0.0000, -1.0000, -0.0000, 0.0000)
            (-10.9129,  2.4213, -1.6823, 1.0000)>
MESH
ColumnWall.014
<Matrix 4x4 (  1.0000,  0.0000,  0.0000, 0.0000)
            (  0.0000, -0.0000,  1.0000, 0.0000)
            (  0.0000, -1.0000, -0.0000, 0.0000)
            (-10.9129,  2.4213,  0.9177, 1.0000)>
MESH
ColumnWall.015
<Matrix 4x4 (  1.0000,  0.0000,  0.0000, 0.0000)
            (  0.0000, -0.0000,  1.0000, 0.0000)
            (  0.0000, -1.0000, -0.0000, 0.0000)
            (-10.9129,  2.4213,  3.5177, 1.0000)>
MESH
ColumnWall.016
<Matrix 4x4 (  1.0000,  0.0000,  0.0000, 0.0000)
            (  0.0000, -0.0000,  1.0000, 0.0000)
            (  0.0000, -1.0000, -0.0000, 0.0000)
            (-10.9129,  2.4213,  6.1177, 1.0000)>
MESH
ColumnWall.017
<Matrix 4x4 (  1.0000,  0.0000,  0.0000, 0.0000)
            (  0.0000, -0.0000,  1.0000, 0.0000)
            (  0.0000, -1.0000, -0.0000, 0.0000)
            (-10.9129,  2.4213,  8.7177, 1.0000)>
MESH
ColumnWall.018
<Matrix 4x4 (  0.0000,  0.0000, -1.0000, 0.0000)
            (  1.0000, -0.0000,  0.0000, 0.0000)
            ( -0.0000, -1.0000, -0.0000, 0.0000)
            (-10.9129,  2.4213, 11.3177, 1.0000)>
MESH
ColumnWall.019
<Matrix 4x4 ( 0.0000,  0.0000, -1.0000, 0.0000)
            ( 1.0000, -0.0000,  0.0000, 0.0000)
            (-0.0000, -1.0000, -0.0000, 0.0000)
            (-8.3129,  2.4213, 11.3177, 1.0000)>
MESH
ColumnWall.020
<Matrix 4x4 ( 0.0000,  0.0000, -1.0000, 0.0000)
            ( 1.0000, -0.0000,  0.0000, 0.0000)
            (-0.0000, -1.0000, -0.0000, 0.0000)
            (-5.7129,  2.4213, 11.3177, 1.0000)>
MESH
ColumnWall.021
<Matrix 4x4 ( 0.0000,  0.0000, -1.0000, 0.0000)
            ( 1.0000, -0.0000,  0.0000, 0.0000)
            (-0.0000, -1.0000, -0.0000, 0.0000)
            (-3.1129,  2.4213, 11.3177, 1.0000)>
MESH
ColumnWall.022
<Matrix 4x4 (-0.0000,  0.0000,  1.0000, 0.0000)
            (-1.0000, -0.0000, -0.0000, 0.0000)
            ( 0.0000, -1.0000,  0.0000, 0.0000)
            ( 2.0871,  2.4213, -4.2823, 1.0000)>
MESH
ColumnWall.023
<Matrix 4x4 ( 1.0000,  0.0000,  0.0000, 0.0000)
            (-0.0000, -0.0000,  1.0000, 0.0000)
            ( 0.0000, -1.0000, -0.0000, 0.0000)
            ( 2.0871,  2.4213, -1.6823, 1.0000)>
MESH
ColumnWall.024
<Matrix 4x4 ( 1.0000,  0.0000,  0.0000, 0.0000)
            (-0.0000, -0.0000,  1.0000, 0.0000)
            ( 0.0000, -1.0000, -0.0000, 0.0000)
            ( 2.0871,  2.4213, -6.8823, 1.0000)>
MESH
ColumnWall.025
<Matrix 4x4 ( 1.0000,  0.0000,  0.0000, 0.0000)
            (-0.0000, -0.0000,  1.0000, 0.0000)
            ( 0.0000, -1.0000, -0.0000, 0.0000)
            ( 2.0871,  2.4213, -9.4823, 1.0000)>
MESH
ColumnWall.026
<Matrix 4x4 (-0.0000,  0.0000,  1.0000, 0.0000)
            (-1.0000, -0.0000, -0.0000, 0.0000)
            ( 0.0000, -1.0000,  0.0000, 0.0000)
            ( 4.6871,  2.4213, -9.4823, 1.0000)>
MESH
ColumnWall.027
<Matrix 4x4 (-0.0000,  0.0000,  1.0000, 0.0000)
            (-1.0000, -0.0000, -0.0000, 0.0000)
            ( 0.0000, -1.0000,  0.0000, 0.0000)
            ( 7.2871,  2.4213, -9.4823, 1.0000)>
MESH
ColumnWall.028
<Matrix 4x4 (-1.0000,  0.0000,  0.0000, 0.0000)
            (-0.0000, -0.0000, -1.0000, 0.0000)
            ( 0.0000, -1.0000,  0.0000, 0.0000)
            ( 7.2871,  2.4213, -6.8823, 1.0000)>
MESH
ColumnWall.029
<Matrix 4x4 (-1.0000,  0.0000,  0.0000, 0.0000)
            (-0.0000, -0.0000, -1.0000, 0.0000)
            ( 0.0000, -1.0000,  0.0000, 0.0000)
            ( 7.2871,  2.4213, -4.2823, 1.0000)>
MESH
ColumnWall.030
<Matrix 4x4 (-1.0000,  0.0000,  0.0000, 0.0000)
            (-0.0000, -0.0000, -1.0000, 0.0000)
            ( 0.0000, -1.0000,  0.0000, 0.0000)
            ( 7.2871,  2.4213, -1.6823, 1.0000)>
